# Data at [lat=   39.0553303768561      , lon=   274.307569375767      , k=          54 , time step=        1402 ] 
mam4xx:
  function: vmr2mmr
input:
  fixed:
    vmr: [  0.65810954029323935E-007,  0.46008494496826087E-010,  0.54585958398876948E-012,  0.11350833833595076E-009,  0.29371585349592316E-013,  0.55392741495542121E-010,  0.97014670859388096E-010,  0.10749260736891687E-009,  0.30978198915221955E-009,  0.21713368604855603E-010,  0.14185092974471355E-012,  0.98878452169060137E-011,  0.29672380452653059E-015,  0.38229273605857310E+010,  0.34333953741592971E-010,  0.61976090623944023E-010,  0.10154486973087850E-013,  0.28675063682893617E-018,  0.69813186581783005E+011,  0.50927616335922693E-012,  0.59651904511182803E-010,  0.16855853732736180E-011,  0.39556538933408642E-012,  0.20286188433123179E-011,  0.68865530298141804E-011,  0.93477606263423114E-017,  0.65096134386234486E+006,  0.23975336198453957E-009,  0.60666921298941570E-010,  0.21167203977403607E-019,  0.21749574987841902E+010]
    mmr: [  0.99900000000000000E+000,  0.00000000000000000E+000, -0.16011155021912023E-001,  0.00000000000000000E+000,  0.00000000000000000E+000,  0.14685967473677067E+003,  0.22444638620982744E+003,  0.68476390229712546E+005,  0.64848183914101421E+005,  0.20676089432636053E+003,  0.10277768268005609E-003,  0.35606255241463298E-004,  0.19339540008023583E-004,  0.10738856335042925E-004,  0.61628246929216463E-005,  0.39229452625923693E-005,  0.22444347866296058E-005,  0.26934057639456942E-005,  0.38105327551090645E-005,  0.00000000000000000E+000,  0.00000000000000000E+000,  0.00000000000000000E+000,  0.00000000000000000E+000,  0.00000000000000000E+000,  0.00000000000000000E+000,  0.00000000000000000E+000,  0.00000000000000000E+000,  0.92500000000000004E+000,  0.44383383824735323E-003,  0.12011188618598965E-002,  0.22184925787008037E-002]
    mbar: [  0.28966000000000001E+002]
    ncol: [         4]
    pcols: [         4]
    pver: [        72]
    gas_pcsnt: [        31]
    adv_mass: [  0.47998199999999997E+002,  0.34013599999999997E+002,  0.98078400000000002E+002,  0.64064800000000005E+002,  0.62132399999999997E+002,  0.12010999999999999E+002,  0.11510733999999999E+003,  0.12010999999999999E+002,  0.12010999999999999E+002,  0.12010999999999999E+002,  0.13506403900000001E+003,  0.58442467999999998E+002,  0.25009267199999999E+006,  0.10074000000000001E+001,  0.11510733999999999E+003,  0.12010999999999999E+002,  0.58442467999999998E+002,  0.25009267199999999E+006,  0.10074000000000001E+001,  0.13506403900000001E+003,  0.58442467999999998E+002,  0.11510733999999999E+003,  0.12010999999999999E+002,  0.12010999999999999E+002,  0.12010999999999999E+002,  0.25009267199999999E+006,  0.10074000000000001E+001,  0.12010999999999999E+002,  0.12010999999999999E+002,  0.25009267199999999E+006,  0.10074000000000001E+001]
