# Data at [lat=   39.0553303768561      , lon=   274.307569375767      , k=          54 , time step=        1407 ] 
mam4xx:
  function: vmr2mmr
input:
  fixed:
    vmr: [  0.63438283758440523E-007,  0.49727402396224650E-010,  0.12173534968151495E-011,  0.15671398931655521E-009,  0.24824650787103895E-013,  0.65840319374348624E-010,  0.70861385356377383E-010,  0.88599062346467402E-010,  0.27229414697705907E-009,  0.16836491866871886E-010,  0.12127844831749250E-012,  0.11564060826134894E-010,  0.31334678864639164E-015,  0.35295317755446768E+010,  0.33185220650020630E-010,  0.62895422795196955E-010,  0.91041008043259290E-014,  0.25400537716191614E-018,  0.70439167381574707E+011,  0.42646772492190156E-012,  0.80713132935119265E-010,  0.15800677818168827E-011,  0.34563444206854861E-012,  0.18496140068501352E-011,  0.67392587988105323E-011,  0.95104900369762670E-017,  0.81722172224005649E+006,  0.25646684368402337E-009,  0.62392203759478725E-010,  0.18642204504102752E-019,  0.23272759602179761E+010]
    mmr: [  0.45279437611401313E+000,  0.17262797789818318E-001, -0.14678997853268677E-001,  0.31583719714973688E+003,  0.62620169658501868E+003,  0.15702554021232837E+003,  0.22575331502531188E+003,  0.68476390229712546E+005,  0.64848183914101421E+005,  0.20665286587553206E+003,  0.10234834516880331E-003,  0.35456731028812023E-004,  0.19253010321619956E-004,  0.10701696624690412E-004,  0.61491388182754713E-005,  0.39093594966056843E-005,  0.22338869414151947E-005,  0.26854235332865041E-005,  0.37701858219509085E-005,  0.00000000000000000E+000,  0.00000000000000000E+000,  0.00000000000000000E+000,  0.00000000000000000E+000,  0.00000000000000000E+000,  0.00000000000000000E+000,  0.00000000000000000E+000,  0.00000000000000000E+000,  0.92500000000000004E+000,  0.73446133195567839E-003,  0.13693030366832616E-002,  0.28217903308192172E-003]
    mbar: [  0.28966000000000001E+002]
    ncol: [         4]
    pcols: [         4]
    pver: [        72]
    gas_pcsnt: [        31]
    adv_mass: [  0.47998199999999997E+002,  0.34013599999999997E+002,  0.98078400000000002E+002,  0.64064800000000005E+002,  0.62132399999999997E+002,  0.12010999999999999E+002,  0.11510733999999999E+003,  0.12010999999999999E+002,  0.12010999999999999E+002,  0.12010999999999999E+002,  0.13506403900000001E+003,  0.58442467999999998E+002,  0.25009267199999999E+006,  0.10074000000000001E+001,  0.11510733999999999E+003,  0.12010999999999999E+002,  0.58442467999999998E+002,  0.25009267199999999E+006,  0.10074000000000001E+001,  0.13506403900000001E+003,  0.58442467999999998E+002,  0.11510733999999999E+003,  0.12010999999999999E+002,  0.12010999999999999E+002,  0.12010999999999999E+002,  0.25009267199999999E+006,  0.10074000000000001E+001,  0.12010999999999999E+002,  0.12010999999999999E+002,  0.25009267199999999E+006,  0.10074000000000001E+001]
