# Data at [lat=   39.0553303768561      , lon=   274.307569375767      , k=          54 , time step=        1403 ] 
mam4xx:
  function: vmr2mmr
input:
  fixed:
    vmr: [  0.65287171522784347E-007,  0.45408558446427809E-010,  0.69860383420925688E-012,  0.12235453163408637E-009,  0.28671637600366373E-013,  0.57999808647659316E-010,  0.96538078367912099E-010,  0.10489500175014426E-009,  0.30303797920568903E-009,  0.21096803572613000E-010,  0.13631166386736399E-012,  0.10301312044800809E-010,  0.29798313592449631E-015,  0.38524168102026610E+010,  0.34757657137988883E-010,  0.62865207212483071E-010,  0.95541360619810926E-014,  0.27362492873145377E-018,  0.70677600993051544E+011,  0.48828653744200048E-012,  0.66106555920077648E-010,  0.16638934926099253E-011,  0.38753721189055776E-012,  0.19903631630380949E-011,  0.68413295184856926E-011,  0.94078302623443970E-017,  0.70070720008780062E+006,  0.25092223207900432E-009,  0.62559735816928223E-010,  0.20303428973389571E-019,  0.22711978777597461E+010]
    mmr: [  0.99900000000000000E+000,  0.00000000000000000E+000, -0.15763194760400966E-001,  0.00000000000000000E+000,  0.00000000000000000E+000,  0.14682217182012545E+003,  0.22410684247701295E+003,  0.68476390229712546E+005,  0.64848183914101421E+005,  0.20675757162033210E+003,  0.10279091140278291E-003,  0.35609048717416613E-004,  0.19356116123797839E-004,  0.10755775692341768E-004,  0.61719900423490424E-005,  0.39279529594208996E-005,  0.22466973784298163E-005,  0.26940825678832798E-005,  0.38228154190824385E-005,  0.00000000000000000E+000,  0.00000000000000000E+000,  0.00000000000000000E+000,  0.00000000000000000E+000,  0.00000000000000000E+000,  0.00000000000000000E+000,  0.00000000000000000E+000,  0.00000000000000000E+000,  0.92500000000000004E+000,  0.46529578575777347E-003,  0.12216837433331495E-002,  0.22659602010459408E-002]
    mbar: [  0.28966000000000001E+002]
    ncol: [         4]
    pcols: [         4]
    pver: [        72]
    gas_pcsnt: [        31]
    adv_mass: [  0.47998199999999997E+002,  0.34013599999999997E+002,  0.98078400000000002E+002,  0.64064800000000005E+002,  0.62132399999999997E+002,  0.12010999999999999E+002,  0.11510733999999999E+003,  0.12010999999999999E+002,  0.12010999999999999E+002,  0.12010999999999999E+002,  0.13506403900000001E+003,  0.58442467999999998E+002,  0.25009267199999999E+006,  0.10074000000000001E+001,  0.11510733999999999E+003,  0.12010999999999999E+002,  0.58442467999999998E+002,  0.25009267199999999E+006,  0.10074000000000001E+001,  0.13506403900000001E+003,  0.58442467999999998E+002,  0.11510733999999999E+003,  0.12010999999999999E+002,  0.12010999999999999E+002,  0.12010999999999999E+002,  0.25009267199999999E+006,  0.10074000000000001E+001,  0.12010999999999999E+002,  0.12010999999999999E+002,  0.25009267199999999E+006,  0.10074000000000001E+001]
