# Data at [lat=   39.0553303768561      , lon=   274.307569375767      , k=          54 , time step=        1414 ] 
mam4xx:
  function: vmr2mmr
input:
  fixed:
    vmr: [  0.61107013262340278E-007,  0.52057539275076922E-010,  0.87750340908554333E-012,  0.15782283658997493E-009,  0.29249669229324886E-013,  0.27449512478143894E-010,  0.85724269350540084E-010,  0.92798614383666679E-010,  0.27867624418412574E-009,  0.17888468405555878E-010,  0.11868172134740502E-012,  0.10697024286759060E-010,  0.28726032264089514E-015,  0.38245653193999782E+010,  0.30604381398450347E-010,  0.67351738190250766E-010,  0.87167570827951012E-014,  0.23571274738272757E-018,  0.68285667318118286E+011,  0.43544243341116005E-012,  0.78545229253814175E-010,  0.15346810913945046E-011,  0.34470092537418100E-012,  0.19032588293784910E-011,  0.65113679697493790E-011,  0.89211701373397522E-017,  0.75723000573105039E+006,  0.26274503465740217E-009,  0.64468444785724277E-010,  0.15274486536900960E-019,  0.24035939180640645E+010]
    mmr: [  0.99900000000000000E+000,  0.44873588709007286E-002, -0.11676278244952723E-001,  0.64106575456154587E+002,  0.11916622321756896E+003,  0.16944410179948625E+003,  0.22512991142975790E+003,  0.68476390229712546E+005,  0.64848183914101421E+005,  0.20679412922757442E+003,  0.10132999055574709E-003,  0.35054687441558939E-004,  0.18764691019338625E-004,  0.10524259316437143E-004,  0.60270425600860521E-005,  0.38451074286268790E-005,  0.22082940237894437E-005,  0.26752534547719426E-005,  0.37184565204108858E-005,  0.00000000000000000E+000,  0.00000000000000000E+000,  0.00000000000000000E+000,  0.00000000000000000E+000,  0.00000000000000000E+000,  0.00000000000000000E+000,  0.00000000000000000E+000,  0.00000000000000000E+000,  0.92500000000000004E+000,  0.67092568431819885E-004,  0.19709158562997636E-003,  0.42444004952219152E-003]
    mbar: [  0.28966000000000001E+002]
    ncol: [         4]
    pcols: [         4]
    pver: [        72]
    gas_pcsnt: [        31]
    adv_mass: [  0.47998199999999997E+002,  0.34013599999999997E+002,  0.98078400000000002E+002,  0.64064800000000005E+002,  0.62132399999999997E+002,  0.12010999999999999E+002,  0.11510733999999999E+003,  0.12010999999999999E+002,  0.12010999999999999E+002,  0.12010999999999999E+002,  0.13506403900000001E+003,  0.58442467999999998E+002,  0.25009267199999999E+006,  0.10074000000000001E+001,  0.11510733999999999E+003,  0.12010999999999999E+002,  0.58442467999999998E+002,  0.25009267199999999E+006,  0.10074000000000001E+001,  0.13506403900000001E+003,  0.58442467999999998E+002,  0.11510733999999999E+003,  0.12010999999999999E+002,  0.12010999999999999E+002,  0.12010999999999999E+002,  0.25009267199999999E+006,  0.10074000000000001E+001,  0.12010999999999999E+002,  0.12010999999999999E+002,  0.25009267199999999E+006,  0.10074000000000001E+001]
