# Data at [lat=   39.0553303768561      , lon=   274.307569375767      , k=          54 , time step=        1416 ] 
mam4xx:
  function: vmr2mmr
input:
  fixed:
    vmr: [  0.61007549826638569E-007,  0.57935788898461487E-010,  0.11247380996852085E-011,  0.14349212202783619E-009,  0.23335186562473499E-013,  0.36164081742795871E-010,  0.79281668511821561E-010,  0.89609425530621085E-010,  0.27792661419691816E-009,  0.17515638933716593E-010,  0.11817605770870378E-012,  0.10209731886761630E-010,  0.28364751284650670E-015,  0.36287855955192275E+010,  0.29890781137445466E-010,  0.64971964189057705E-010,  0.82414414866992930E-014,  0.23208092740358634E-018,  0.66544662208836365E+011,  0.45134938785544153E-012,  0.78280507209077682E-010,  0.14646154837598949E-011,  0.33642846440881825E-012,  0.18961153919599361E-011,  0.63859993097899306E-011,  0.86896835096369872E-017,  0.74199282553074928E+006,  0.25253210469085482E-009,  0.62314664129864687E-010,  0.14817068875578928E-019,  0.23250717356384258E+010]
    mmr: [  0.99900000000000000E+000,  0.00000000000000000E+000, -0.10853704455811226E-001,  0.00000000000000000E+000,  0.00000000000000000E+000,  0.17272482615244121E+003,  0.22316510744158725E+003,  0.68476390229712546E+005,  0.64848183914101421E+005,  0.20668004124420730E+003,  0.10113780104087310E-003,  0.69531911304529329E-309,  0.18684242986735797E-004,  0.39525251667299724E-322,  0.60062524456642049E-005,  0.38351011337201496E-005,  0.22046945541784942E-005,  0.26727129479358616E-005,  0.37089130831164254E-005,  0.00000000000000000E+000,  0.00000000000000000E+000,  0.00000000000000000E+000,  0.00000000000000000E+000,  0.00000000000000000E+000,  0.00000000000000000E+000,  0.00000000000000000E+000,  0.00000000000000000E+000,  0.92500000000000004E+000,  0.13981174426007300E-003,  0.37529572986017294E-003,  0.82710631916384030E-003]
    mbar: [  0.28966000000000001E+002]
    ncol: [         4]
    pcols: [         4]
    pver: [        72]
    gas_pcsnt: [        31]
    adv_mass: [  0.47998199999999997E+002,  0.34013599999999997E+002,  0.98078400000000002E+002,  0.64064800000000005E+002,  0.62132399999999997E+002,  0.12010999999999999E+002,  0.11510733999999999E+003,  0.12010999999999999E+002,  0.12010999999999999E+002,  0.12010999999999999E+002,  0.13506403900000001E+003,  0.58442467999999998E+002,  0.25009267199999999E+006,  0.10074000000000001E+001,  0.11510733999999999E+003,  0.12010999999999999E+002,  0.58442467999999998E+002,  0.25009267199999999E+006,  0.10074000000000001E+001,  0.13506403900000001E+003,  0.58442467999999998E+002,  0.11510733999999999E+003,  0.12010999999999999E+002,  0.12010999999999999E+002,  0.12010999999999999E+002,  0.25009267199999999E+006,  0.10074000000000001E+001,  0.12010999999999999E+002,  0.12010999999999999E+002,  0.25009267199999999E+006,  0.10074000000000001E+001]
