# Data at [lat=   39.0553303768561      , lon=   274.307569375767      , k=          54 , time step=        1405 ] 
mam4xx:
  function: vmr2mmr
input:
  fixed:
    vmr: [  0.64306301525937699E-007,  0.45904412267393395E-010,  0.96903967818237111E-012,  0.13946488214694338E-009,  0.26851642476500346E-013,  0.61225759376702412E-010,  0.76202461045917040E-010,  0.91464729001251055E-010,  0.27376306833874213E-009,  0.17702255461138632E-010,  0.12376730096239722E-012,  0.10167353807748423E-010,  0.28870614932406509E-015,  0.35333563791435890E+010,  0.33538366270606976E-010,  0.62880627931858135E-010,  0.90343428877909018E-014,  0.25731732696412397E-018,  0.69887310135194336E+011,  0.44368836297020832E-012,  0.66177288730249646E-010,  0.14135660640323429E-011,  0.33965666277849287E-012,  0.18034788101898514E-011,  0.63307946176340186E-011,  0.87999717869370165E-017,  0.70191654589518765E+006,  0.25115352815402845E-009,  0.61994619951141287E-010,  0.19642899952598073E-019,  0.22778103287058573E+010]
    mmr: [  0.99900000000000000E+000,  0.93580581264848146E-002, -0.15212491614820594E-001,  0.11886183530040839E+003,  0.27219111709207880E+003,  0.15107896200104707E+003,  0.22350118406477236E+003,  0.68476390229712546E+005,  0.64848183914101421E+005,  0.20678985808521497E+003,  0.10259258871190302E-003,  0.35532782954437386E-004,  0.19293120039470622E-004,  0.10717009763134663E-004,  0.61544811586734773E-005,  0.39153585587194982E-005,  0.22387516521591029E-005,  0.26879841846479156E-005,  0.37975896579331677E-005,  0.00000000000000000E+000,  0.00000000000000000E+000,  0.00000000000000000E+000,  0.00000000000000000E+000,  0.00000000000000000E+000,  0.00000000000000000E+000,  0.00000000000000000E+000,  0.00000000000000000E+000,  0.92500000000000004E+000,  0.75614486836749640E-005,  0.37203418494523482E-004,  0.19400507591728507E-002]
    mbar: [  0.28966000000000001E+002]
    ncol: [         4]
    pcols: [         4]
    pver: [        72]
    gas_pcsnt: [        31]
    adv_mass: [  0.47998199999999997E+002,  0.34013599999999997E+002,  0.98078400000000002E+002,  0.64064800000000005E+002,  0.62132399999999997E+002,  0.12010999999999999E+002,  0.11510733999999999E+003,  0.12010999999999999E+002,  0.12010999999999999E+002,  0.12010999999999999E+002,  0.13506403900000001E+003,  0.58442467999999998E+002,  0.25009267199999999E+006,  0.10074000000000001E+001,  0.11510733999999999E+003,  0.12010999999999999E+002,  0.58442467999999998E+002,  0.25009267199999999E+006,  0.10074000000000001E+001,  0.13506403900000001E+003,  0.58442467999999998E+002,  0.11510733999999999E+003,  0.12010999999999999E+002,  0.12010999999999999E+002,  0.12010999999999999E+002,  0.25009267199999999E+006,  0.10074000000000001E+001,  0.12010999999999999E+002,  0.12010999999999999E+002,  0.25009267199999999E+006,  0.10074000000000001E+001]
