# Data at [lat=   39.0553303768561      , lon=   274.307569375767      , k=          54 , time step=        1401 ] 
mam4xx:
  function: vmr2mmr
input:
  fixed:
    vmr: [  0.66350854942942921E-007,  0.46342886408896990E-010,  0.47633408015730187E-012,  0.10368092826580075E-009,  0.29510383031540267E-013,  0.52510212376056502E-010,  0.10810417093651181E-009,  0.11212444001386519E-009,  0.32028687062362300E-009,  0.23175831640071591E-010,  0.14445424198965056E-012,  0.97913273684153795E-011,  0.30719226497235319E-015,  0.39266932900263395E+010,  0.34737166724627755E-010,  0.62239588441212120E-010,  0.10861967062824437E-013,  0.30227465019076398E-018,  0.70160519465855667E+011,  0.51902576480699788E-012,  0.56387152234604044E-010,  0.19253544402311228E-011,  0.42699800200423540E-012,  0.22017760828924639E-011,  0.71867803646318452E-011,  0.93437828786063539E-017,  0.67389941223845130E+006,  0.23705821164359438E-009,  0.60338676450932580E-010,  0.21553757896063272E-019,  0.21499218394367242E+010]
    mmr: [  0.99900000000000000E+000,  0.00000000000000000E+000, -0.16346740939967203E-001,  0.00000000000000000E+000,  0.00000000000000000E+000,  0.14759716467336750E+003,  0.22457370725151938E+003,  0.68476390229712546E+005,  0.64848183914101421E+005,  0.20673963100633219E+003,  0.10276277790455998E-003,  0.35606504899705010E-004,  0.19335198089362916E-004,  0.10734396771423628E-004,  0.61603066849928330E-005,  0.39217068670795615E-005,  0.22436919462612932E-005,  0.26928236134132397E-005,  0.38126013549608113E-005,  0.00000000000000000E+000,  0.00000000000000000E+000,  0.00000000000000000E+000,  0.00000000000000000E+000,  0.00000000000000000E+000,  0.00000000000000000E+000,  0.00000000000000000E+000,  0.00000000000000000E+000,  0.92500000000000004E+000,  0.46720520361402462E-003,  0.11903913604210874E-002,  0.21620095744914534E-002]
    mbar: [  0.28966000000000001E+002]
    ncol: [         4]
    pcols: [         4]
    pver: [        72]
    gas_pcsnt: [        31]
    adv_mass: [  0.47998199999999997E+002,  0.34013599999999997E+002,  0.98078400000000002E+002,  0.64064800000000005E+002,  0.62132399999999997E+002,  0.12010999999999999E+002,  0.11510733999999999E+003,  0.12010999999999999E+002,  0.12010999999999999E+002,  0.12010999999999999E+002,  0.13506403900000001E+003,  0.58442467999999998E+002,  0.25009267199999999E+006,  0.10074000000000001E+001,  0.11510733999999999E+003,  0.12010999999999999E+002,  0.58442467999999998E+002,  0.25009267199999999E+006,  0.10074000000000001E+001,  0.13506403900000001E+003,  0.58442467999999998E+002,  0.11510733999999999E+003,  0.12010999999999999E+002,  0.12010999999999999E+002,  0.12010999999999999E+002,  0.25009267199999999E+006,  0.10074000000000001E+001,  0.12010999999999999E+002,  0.12010999999999999E+002,  0.25009267199999999E+006,  0.10074000000000001E+001]
