# Data at [lat=   39.0553303768561      , lon=   274.307569375767      , k=          54 , time step=        1406 ] 
mam4xx:
  function: vmr2mmr
input:
  fixed:
    vmr: [  0.63853575104165840E-007,  0.47636457230587426E-010,  0.11119254759178828E-011,  0.14853519136073740E-009,  0.25784406679815009E-013,  0.63822150524282575E-010,  0.71479194489172107E-010,  0.89783812050625524E-010,  0.27072567860755687E-009,  0.17107202169140696E-010,  0.12244251334956214E-012,  0.10658251632988077E-010,  0.29797853156836738E-015,  0.34743674022193384E+010,  0.33232079777245505E-010,  0.62390604110024731E-010,  0.89777934076208346E-014,  0.25269321088819484E-018,  0.69944013177056015E+011,  0.43929270346464209E-012,  0.72001073883423145E-010,  0.14923083959193189E-011,  0.34408887609377683E-012,  0.18390765575162371E-011,  0.65450863889654097E-011,  0.92001506966974717E-017,  0.74477300509108289E+006,  0.25276382063216815E-009,  0.62051298216291543E-010,  0.19207406183316407E-019,  0.22948524820741200E+010]
    mmr: [  0.99900000000000000E+000,  0.13858797373263778E-001, -0.14766882433434015E-001,  0.21700954050321474E+003,  0.46859088582499277E+003,  0.15914209873283238E+003,  0.22453227823851040E+003,  0.68476390229712546E+005,  0.64848183914101421E+005,  0.20674926212657729E+003,  0.10247749550736443E-003,  0.35494886278908495E-004,  0.19267787584615659E-004,  0.10702953446493620E-004,  0.61479158912029730E-005,  0.39096710839543226E-005,  0.22347576439420649E-005,  0.26855967282935305E-005,  0.37771389686800236E-005,  0.00000000000000000E+000,  0.00000000000000000E+000,  0.00000000000000000E+000,  0.00000000000000000E+000,  0.00000000000000000E+000,  0.00000000000000000E+000,  0.00000000000000000E+000,  0.00000000000000000E+000,  0.92500000000000004E+000,  0.83269757529813668E-003,  0.53737425948889085E-003,  0.65471078425312303E-004]
    mbar: [  0.28966000000000001E+002]
    ncol: [         4]
    pcols: [         4]
    pver: [        72]
    gas_pcsnt: [        31]
    adv_mass: [  0.47998199999999997E+002,  0.34013599999999997E+002,  0.98078400000000002E+002,  0.64064800000000005E+002,  0.62132399999999997E+002,  0.12010999999999999E+002,  0.11510733999999999E+003,  0.12010999999999999E+002,  0.12010999999999999E+002,  0.12010999999999999E+002,  0.13506403900000001E+003,  0.58442467999999998E+002,  0.25009267199999999E+006,  0.10074000000000001E+001,  0.11510733999999999E+003,  0.12010999999999999E+002,  0.58442467999999998E+002,  0.25009267199999999E+006,  0.10074000000000001E+001,  0.13506403900000001E+003,  0.58442467999999998E+002,  0.11510733999999999E+003,  0.12010999999999999E+002,  0.12010999999999999E+002,  0.12010999999999999E+002,  0.25009267199999999E+006,  0.10074000000000001E+001,  0.12010999999999999E+002,  0.12010999999999999E+002,  0.25009267199999999E+006,  0.10074000000000001E+001]
