# Data at [lat=   39.0553303768561      , lon=   274.307569375767      , k=          54 , time step=        1411 ] 
mam4xx:
  function: vmr2mmr
input:
  fixed:
    vmr: [  0.61940780963959977E-007,  0.50959384474505778E-010,  0.87297796522816658E-012,  0.16691366514874435E-009,  0.27976168224841725E-013,  0.26935034733596437E-010,  0.71347373900398808E-010,  0.89680589156667858E-010,  0.26541958881144122E-009,  0.16898263723258248E-010,  0.11308087211905259E-012,  0.10644308756066287E-010,  0.29245945438611655E-015,  0.37899554799937978E+010,  0.31449486147831831E-010,  0.69541514773365852E-010,  0.87487986572413526E-014,  0.23761809058020851E-018,  0.70239971398860855E+011,  0.41901207407432253E-012,  0.72905341327345020E-010,  0.15060182439495754E-011,  0.34615401306014742E-012,  0.19172412008905192E-011,  0.64168451325492882E-011,  0.92484389288138978E-017,  0.74122477817492024E+006,  0.25903118971018632E-009,  0.62689218743776023E-010,  0.16228631039784634E-019,  0.23529982412203012E+010]
    mmr: [  0.99900000000000000E+000,  0.17091417147036901E-001, -0.12633760397216344E-001,  0.32284343948829218E+003,  0.66266246924986785E+003,  0.15952107025780668E+003,  0.22717330693279985E+003,  0.68476390229712546E+005,  0.64848183914101421E+005,  0.20662758775679265E+003,  0.10202210244492012E-003,  0.35333297630122217E-004,  0.19144390798173812E-004,  0.10661405653609895E-004,  0.61276747323446823E-005,  0.38970637336052067E-005,  0.22295743390711033E-005,  0.26878666538911246E-005,  0.37515853313964877E-005,  0.00000000000000000E+000,  0.00000000000000000E+000,  0.00000000000000000E+000,  0.00000000000000000E+000,  0.00000000000000000E+000,  0.00000000000000000E+000,  0.00000000000000000E+000,  0.00000000000000000E+000,  0.92500000000000004E+000,  0.77572180557403022E-004,  0.22796436365154504E-003,  0.49497672452037669E-003]
    mbar: [  0.28966000000000001E+002]
    ncol: [         4]
    pcols: [         4]
    pver: [        72]
    gas_pcsnt: [        31]
    adv_mass: [  0.47998199999999997E+002,  0.34013599999999997E+002,  0.98078400000000002E+002,  0.64064800000000005E+002,  0.62132399999999997E+002,  0.12010999999999999E+002,  0.11510733999999999E+003,  0.12010999999999999E+002,  0.12010999999999999E+002,  0.12010999999999999E+002,  0.13506403900000001E+003,  0.58442467999999998E+002,  0.25009267199999999E+006,  0.10074000000000001E+001,  0.11510733999999999E+003,  0.12010999999999999E+002,  0.58442467999999998E+002,  0.25009267199999999E+006,  0.10074000000000001E+001,  0.13506403900000001E+003,  0.58442467999999998E+002,  0.11510733999999999E+003,  0.12010999999999999E+002,  0.12010999999999999E+002,  0.12010999999999999E+002,  0.25009267199999999E+006,  0.10074000000000001E+001,  0.12010999999999999E+002,  0.12010999999999999E+002,  0.25009267199999999E+006,  0.10074000000000001E+001]
