# Data at [lat=   39.0553303768561      , lon=   274.307569375767      , k=          54 , time step=        1415 ] 
mam4xx:
  function: vmr2mmr
input:
  fixed:
    vmr: [  0.61018587771564544E-007,  0.54494527145807269E-010,  0.98554407438868888E-012,  0.15080262524605407E-009,  0.26579342502813795E-013,  0.31084850221019550E-010,  0.84983645490031402E-010,  0.93812171189654940E-010,  0.28771570532678965E-009,  0.18229145844504313E-010,  0.12198270485255807E-012,  0.10729025359403539E-010,  0.28906979153597506E-015,  0.37800952078829637E+010,  0.30165746067782802E-010,  0.66470863500643031E-010,  0.84370922730925663E-014,  0.23413199294362548E-018,  0.67229072130531395E+011,  0.44905252100229076E-012,  0.80254953540428699E-010,  0.15378713440856345E-011,  0.34624828526121349E-012,  0.19031722047085810E-011,  0.66596598106398120E-011,  0.88666237709669451E-017,  0.76588324362039927E+006,  0.25665402353733217E-009,  0.63239687678303612E-010,  0.15131050522310537E-019,  0.23565713010944581E+010]
    mmr: [  0.99900000000000000E+000,  0.30388406030958477E-004, -0.11332341316157377E-001,  0.87468984119080573E+000,  0.13701462841606660E+001,  0.17297660802490105E+003,  0.22385927207552990E+003,  0.68476390229712546E+005,  0.64848183914101421E+005,  0.20673102775196278E+003,  0.10118714188093040E-003,  0.35003328390515881E-004,  0.18706861979922905E-004,  0.10503626721899462E-004,  0.60130942073422690E-005,  0.38385359615399099E-005,  0.22059469617393707E-005,  0.26733725046091360E-005,  0.37184136210697553E-005,  0.00000000000000000E+000,  0.00000000000000000E+000,  0.00000000000000000E+000,  0.00000000000000000E+000,  0.00000000000000000E+000,  0.00000000000000000E+000,  0.00000000000000000E+000,  0.00000000000000000E+000,  0.92500000000000004E+000,  0.96908529025159699E-004,  0.27501835806421763E-003,  0.58530001539707117E-003]
    mbar: [  0.28966000000000001E+002]
    ncol: [         4]
    pcols: [         4]
    pver: [        72]
    gas_pcsnt: [        31]
    adv_mass: [  0.47998199999999997E+002,  0.34013599999999997E+002,  0.98078400000000002E+002,  0.64064800000000005E+002,  0.62132399999999997E+002,  0.12010999999999999E+002,  0.11510733999999999E+003,  0.12010999999999999E+002,  0.12010999999999999E+002,  0.12010999999999999E+002,  0.13506403900000001E+003,  0.58442467999999998E+002,  0.25009267199999999E+006,  0.10074000000000001E+001,  0.11510733999999999E+003,  0.12010999999999999E+002,  0.58442467999999998E+002,  0.25009267199999999E+006,  0.10074000000000001E+001,  0.13506403900000001E+003,  0.58442467999999998E+002,  0.11510733999999999E+003,  0.12010999999999999E+002,  0.12010999999999999E+002,  0.12010999999999999E+002,  0.25009267199999999E+006,  0.10074000000000001E+001,  0.12010999999999999E+002,  0.12010999999999999E+002,  0.25009267199999999E+006,  0.10074000000000001E+001]
