# Data at [lat=   39.0553303768561      , lon=   274.307569375767      , k=          54 , time step=        1408 ] 
mam4xx:
  function: vmr2mmr
input:
  fixed:
    vmr: [  0.63059882965810332E-007,  0.48266602501244783E-010,  0.99711207891726946E-012,  0.16028749048161711E-009,  0.23864729761776157E-013,  0.45082027858501646E-010,  0.70103530130989961E-010,  0.92977459075339648E-010,  0.29202098441208586E-009,  0.17729130039195254E-010,  0.12709193116412139E-012,  0.11796066197554070E-010,  0.31982872613229736E-015,  0.36205088134317255E+010,  0.31946186735473230E-010,  0.67959579344109539E-010,  0.89317910709322969E-014,  0.24724007650799425E-018,  0.69182885268770020E+011,  0.45795870440804130E-012,  0.82737809781854526E-010,  0.15937643001425248E-011,  0.35873920509948334E-012,  0.19313501023898927E-011,  0.70349112548227783E-011,  0.98048192208354894E-017,  0.83434284726900584E+006,  0.25046003056795411E-009,  0.61169583845560649E-010,  0.18234985508933879E-019,  0.22808218978728261E+010]
    mmr: [  0.54524814647203534E+000,  0.19134523515092556E-001, -0.14214815663404354E-001,  0.35684262431388697E+003,  0.73401067837307892E+003,  0.15528324132913465E+003,  0.22645205092698231E+003,  0.68476390229712546E+005,  0.64848183914101421E+005,  0.20656462782034865E+003,  0.10212860429598440E-003,  0.35384081340582367E-004,  0.19198573613202959E-004,  0.10682385235833468E-004,  0.61414869446011000E-005,  0.39053940598310287E-005,  0.22320906177146590E-005,  0.26850533014098007E-005,  0.37663871940652440E-005,  0.00000000000000000E+000,  0.00000000000000000E+000,  0.00000000000000000E+000,  0.00000000000000000E+000,  0.00000000000000000E+000,  0.00000000000000000E+000,  0.00000000000000000E+000,  0.00000000000000000E+000,  0.92500000000000004E+000,  0.16796859293434217E-003,  0.55371334229654208E-003,  0.16218904512842784E-002]
    mbar: [  0.28966000000000001E+002]
    ncol: [         4]
    pcols: [         4]
    pver: [        72]
    gas_pcsnt: [        31]
    adv_mass: [  0.47998199999999997E+002,  0.34013599999999997E+002,  0.98078400000000002E+002,  0.64064800000000005E+002,  0.62132399999999997E+002,  0.12010999999999999E+002,  0.11510733999999999E+003,  0.12010999999999999E+002,  0.12010999999999999E+002,  0.12010999999999999E+002,  0.13506403900000001E+003,  0.58442467999999998E+002,  0.25009267199999999E+006,  0.10074000000000001E+001,  0.11510733999999999E+003,  0.12010999999999999E+002,  0.58442467999999998E+002,  0.25009267199999999E+006,  0.10074000000000001E+001,  0.13506403900000001E+003,  0.58442467999999998E+002,  0.11510733999999999E+003,  0.12010999999999999E+002,  0.12010999999999999E+002,  0.12010999999999999E+002,  0.25009267199999999E+006,  0.10074000000000001E+001,  0.12010999999999999E+002,  0.12010999999999999E+002,  0.25009267199999999E+006,  0.10074000000000001E+001]
