# Data at [lat=   39.0553303768561      , lon=   274.307569375767      , k=          54 , time step=        1400 ] 
mam4xx:
  function: vmr2mmr
input:
  fixed:
    vmr: [  0.66925493492339052E-007,  0.45411009634035758E-010,  0.43502229812874364E-012,  0.92300784636863589E-010,  0.28938734809115220E-013,  0.51017025356949957E-010,  0.11371909216138742E-009,  0.11297468765419049E-009,  0.31888452353408570E-009,  0.23781876848330113E-010,  0.14221571931041863E-012,  0.96847226572939590E-011,  0.30319772947762961E-015,  0.40197440899843092E+010,  0.35207461083572864E-010,  0.62658089972831591E-010,  0.11499336905051142E-013,  0.31731313048242299E-018,  0.70690912395705994E+011,  0.50691587078101857E-012,  0.54538376356117189E-010,  0.20860044426917986E-011,  0.44904644009400478E-012,  0.22662449431889903E-011,  0.74924343546903026E-011,  0.91937679680140089E-017,  0.65992124669418880E+006,  0.23621412509258454E-009,  0.60244688807538145E-010,  0.21880045491205368E-019,  0.21440542962955022E+010]
    mmr: [  0.99900000000000000E+000,  0.00000000000000000E+000, -0.16300311950209059E-001,  0.00000000000000000E+000,  0.00000000000000000E+000,  0.14430834325041516E+003,  0.22476232339181652E+003,  0.68476390229712546E+005,  0.64848183914101421E+005,  0.20670601908985617E+003,  0.10267573249513103E-003,  0.35582766628204311E-004,  0.19312725238094884E-004,  0.10721378614247785E-004,  0.61552013860956941E-005,  0.39193947110595795E-005,  0.22423221876333132E-005,  0.26913935371051866E-005,  0.38186300926111881E-005,  0.00000000000000000E+000,  0.00000000000000000E+000,  0.00000000000000000E+000,  0.00000000000000000E+000,  0.00000000000000000E+000,  0.00000000000000000E+000,  0.00000000000000000E+000,  0.00000000000000000E+000,  0.92500000000000004E+000,  0.46024374411470008E-003,  0.11921288558668067E-002,  0.21361567715056026E-002]
    mbar: [  0.28966000000000001E+002]
    ncol: [         4]
    pcols: [         4]
    pver: [        72]
    gas_pcsnt: [        31]
    adv_mass: [  0.47998199999999997E+002,  0.34013599999999997E+002,  0.98078400000000002E+002,  0.64064800000000005E+002,  0.62132399999999997E+002,  0.12010999999999999E+002,  0.11510733999999999E+003,  0.12010999999999999E+002,  0.12010999999999999E+002,  0.12010999999999999E+002,  0.13506403900000001E+003,  0.58442467999999998E+002,  0.25009267199999999E+006,  0.10074000000000001E+001,  0.11510733999999999E+003,  0.12010999999999999E+002,  0.58442467999999998E+002,  0.25009267199999999E+006,  0.10074000000000001E+001,  0.13506403900000001E+003,  0.58442467999999998E+002,  0.11510733999999999E+003,  0.12010999999999999E+002,  0.12010999999999999E+002,  0.12010999999999999E+002,  0.25009267199999999E+006,  0.10074000000000001E+001,  0.12010999999999999E+002,  0.12010999999999999E+002,  0.25009267199999999E+006,  0.10074000000000001E+001]
