# Data at [lat=   39.0553303768561      , lon=   274.307569375767      , k=          54 , time step=        1409 ] 
mam4xx:
  function: vmr2mmr
input:
  fixed:
    vmr: [  0.62690397307300693E-007,  0.49230710937890004E-010,  0.77022170087534823E-012,  0.16523943618550161E-009,  0.24139416913261294E-013,  0.29033445484801436E-010,  0.67775955888154469E-010,  0.88442956592335423E-010,  0.27925645137336469E-009,  0.16919497562828761E-010,  0.11788793125833116E-012,  0.11179911725333567E-010,  0.30018389134413849E-015,  0.37423263812092476E+010,  0.31429102483046000E-010,  0.72260559425659101E-010,  0.88408668409070293E-014,  0.24691581457595540E-018,  0.69239217791143600E+011,  0.41225909191448060E-012,  0.76326548349118215E-010,  0.14621468947183062E-011,  0.32761074636306641E-012,  0.17855720283223495E-011,  0.64470987024687148E-011,  0.90659502572168564E-017,  0.77746201255388279E+006,  0.25167014036267126E-009,  0.61034905768833763E-010,  0.17536041076641136E-019,  0.22872661609649239E+010]
    mmr: [  0.45204083623594449E+000,  0.19776877799208711E-001, -0.13907417675685580E-001,  0.40899485953930912E+003,  0.77610958219095221E+003,  0.16217333402640460E+003,  0.22677565853324080E+003,  0.68476390229712546E+005,  0.64848183914101421E+005,  0.20650736166545937E+003,  0.10208203450411983E-003,  0.35370971949366526E-004,  0.19206251884956444E-004,  0.10687120236220726E-004,  0.61477398535567718E-005,  0.39087673844658808E-005,  0.22339048518855359E-005,  0.26870434649482127E-005,  0.37733667207987751E-005,  0.00000000000000000E+000,  0.00000000000000000E+000,  0.00000000000000000E+000,  0.00000000000000000E+000,  0.00000000000000000E+000,  0.00000000000000000E+000,  0.00000000000000000E+000,  0.00000000000000000E+000,  0.92500000000000004E+000,  0.11794043880300088E-003,  0.35983209313097681E-003,  0.83684273555847347E-003]
    mbar: [  0.28966000000000001E+002]
    ncol: [         4]
    pcols: [         4]
    pver: [        72]
    gas_pcsnt: [        31]
    adv_mass: [  0.47998199999999997E+002,  0.34013599999999997E+002,  0.98078400000000002E+002,  0.64064800000000005E+002,  0.62132399999999997E+002,  0.12010999999999999E+002,  0.11510733999999999E+003,  0.12010999999999999E+002,  0.12010999999999999E+002,  0.12010999999999999E+002,  0.13506403900000001E+003,  0.58442467999999998E+002,  0.25009267199999999E+006,  0.10074000000000001E+001,  0.11510733999999999E+003,  0.12010999999999999E+002,  0.58442467999999998E+002,  0.25009267199999999E+006,  0.10074000000000001E+001,  0.13506403900000001E+003,  0.58442467999999998E+002,  0.11510733999999999E+003,  0.12010999999999999E+002,  0.12010999999999999E+002,  0.12010999999999999E+002,  0.25009267199999999E+006,  0.10074000000000001E+001,  0.12010999999999999E+002,  0.12010999999999999E+002,  0.25009267199999999E+006,  0.10074000000000001E+001]
