# Data at [lat=   39.0553303768561      , lon=   274.307569375767      , k=          54 , time step=        1413 ] 
mam4xx:
  function: vmr2mmr
input:
  fixed:
    vmr: [  0.61335730147265070E-007,  0.51468250788777449E-010,  0.82649500829436336E-012,  0.16243394200439410E-009,  0.29367410288936467E-013,  0.26053605717615400E-010,  0.83624201166148719E-010,  0.93545467407591841E-010,  0.27730978360928411E-009,  0.17904349788180870E-010,  0.11874217047023929E-012,  0.10769476276053947E-010,  0.29310677481248622E-015,  0.38238381123374724E+010,  0.30943749668954065E-010,  0.67879314376833909E-010,  0.88015326133432284E-014,  0.23587355466463558E-018,  0.69111942097388947E+011,  0.43904892473109872E-012,  0.77931091475536970E-010,  0.15578434387801758E-011,  0.35319153243093892E-012,  0.19463080147944517E-011,  0.65625291007031122E-011,  0.91517980518158451E-017,  0.76037526062108553E+006,  0.26260955350223112E-009,  0.64105206970849139E-010,  0.15562165786834429E-019,  0.23968825364296360E+010]
    mmr: [  0.99900000000000000E+000,  0.99402756263182179E-002, -0.12026854845770806E-001,  0.16789047801403839E+003,  0.32666041089965086E+003,  0.16678070120351464E+003,  0.22618710324153284E+003,  0.68476390229712546E+005,  0.64848183914101421E+005,  0.20685002296864863E+003,  0.10149112346006979E-003,  0.35112718271740986E-004,  0.18824518532865562E-004,  0.10544947654732919E-004,  0.60390078502571579E-005,  0.38497700560625362E-005,  0.22093123071862003E-005,  0.26764123352245949E-005,  0.37069156714531679E-005,  0.00000000000000000E+000,  0.00000000000000000E+000,  0.00000000000000000E+000,  0.00000000000000000E+000,  0.00000000000000000E+000,  0.00000000000000000E+000,  0.00000000000000000E+000,  0.00000000000000000E+000,  0.92500000000000004E+000,  0.66969675457239500E-004,  0.19571447936285086E-003,  0.41717271344810018E-003]
    mbar: [  0.28966000000000001E+002]
    ncol: [         4]
    pcols: [         4]
    pver: [        72]
    gas_pcsnt: [        31]
    adv_mass: [  0.47998199999999997E+002,  0.34013599999999997E+002,  0.98078400000000002E+002,  0.64064800000000005E+002,  0.62132399999999997E+002,  0.12010999999999999E+002,  0.11510733999999999E+003,  0.12010999999999999E+002,  0.12010999999999999E+002,  0.12010999999999999E+002,  0.13506403900000001E+003,  0.58442467999999998E+002,  0.25009267199999999E+006,  0.10074000000000001E+001,  0.11510733999999999E+003,  0.12010999999999999E+002,  0.58442467999999998E+002,  0.25009267199999999E+006,  0.10074000000000001E+001,  0.13506403900000001E+003,  0.58442467999999998E+002,  0.11510733999999999E+003,  0.12010999999999999E+002,  0.12010999999999999E+002,  0.12010999999999999E+002,  0.25009267199999999E+006,  0.10074000000000001E+001,  0.12010999999999999E+002,  0.12010999999999999E+002,  0.25009267199999999E+006,  0.10074000000000001E+001]
