# Data at [lat=   39.0553303768561      , lon=   274.307569375767      , k=          54 , time step=        1412 ] 
mam4xx:
  function: vmr2mmr
input:
  fixed:
    vmr: [  0.61599186306670735E-007,  0.50992815042267733E-010,  0.84449078989050584E-012,  0.16466233631582762E-009,  0.29083909953847980E-013,  0.26494029870400890E-010,  0.76629588476749352E-010,  0.89419082335618775E-010,  0.26369189573725529E-009,  0.17033596251678370E-010,  0.11248922191476503E-012,  0.10302400781173826E-010,  0.28021566274671076E-015,  0.37930687225838656E+010,  0.31272149565209829E-010,  0.68361861623599992E-010,  0.88503598804068216E-014,  0.23789026247305763E-018,  0.69835085063818558E+011,  0.40699457609668991E-012,  0.71935060807315383E-010,  0.14694020513647831E-011,  0.33435116817005218E-012,  0.18368227104961640E-011,  0.61553444562753375E-011,  0.87241328939005322E-017,  0.71715144481234078E+006,  0.26151061794130062E-009,  0.63554038936067858E-010,  0.15857890601146526E-019,  0.23798293104965653E+010]
    mmr: [  0.99900000000000000E+000,  0.14083959390113851E-001, -0.12278090923427515E-001,  0.26010974412540634E+003,  0.51589394436812881E+003,  0.16477875616978287E+003,  0.22673015057084837E+003,  0.68476390229712546E+005,  0.64848183914101421E+005,  0.20678712269855004E+003,  0.10173303689637986E-003,  0.35210292925894895E-004,  0.18959188994758153E-004,  0.10593620936098949E-004,  0.60751362413363908E-005,  0.38686134482660507E-005,  0.22171625849798887E-005,  0.26810138204034646E-005,  0.37222538809377403E-005,  0.00000000000000000E+000,  0.00000000000000000E+000,  0.00000000000000000E+000,  0.00000000000000000E+000,  0.00000000000000000E+000,  0.00000000000000000E+000,  0.00000000000000000E+000,  0.00000000000000000E+000,  0.92500000000000004E+000,  0.70783398344337133E-004,  0.20711608236558338E-003,  0.44382332146622222E-003]
    mbar: [  0.28966000000000001E+002]
    ncol: [         4]
    pcols: [         4]
    pver: [        72]
    gas_pcsnt: [        31]
    adv_mass: [  0.47998199999999997E+002,  0.34013599999999997E+002,  0.98078400000000002E+002,  0.64064800000000005E+002,  0.62132399999999997E+002,  0.12010999999999999E+002,  0.11510733999999999E+003,  0.12010999999999999E+002,  0.12010999999999999E+002,  0.12010999999999999E+002,  0.13506403900000001E+003,  0.58442467999999998E+002,  0.25009267199999999E+006,  0.10074000000000001E+001,  0.11510733999999999E+003,  0.12010999999999999E+002,  0.58442467999999998E+002,  0.25009267199999999E+006,  0.10074000000000001E+001,  0.13506403900000001E+003,  0.58442467999999998E+002,  0.11510733999999999E+003,  0.12010999999999999E+002,  0.12010999999999999E+002,  0.12010999999999999E+002,  0.25009267199999999E+006,  0.10074000000000001E+001,  0.12010999999999999E+002,  0.12010999999999999E+002,  0.25009267199999999E+006,  0.10074000000000001E+001]
