# Data at [lat=   39.0553303768561      , lon=   274.307569375767      , k=          54 , time step=        1404 ] 
mam4xx:
  function: vmr2mmr
input:
  fixed:
    vmr: [  0.64787398822395986E-007,  0.44935627371555254E-010,  0.85917731949454237E-012,  0.13027257697475994E-009,  0.27835070484195477E-013,  0.61028196537313869E-010,  0.85371054067068450E-010,  0.96686391740723639E-010,  0.28743997723931066E-009,  0.19150708496216410E-010,  0.12987463344835395E-012,  0.99822528262424929E-011,  0.28581001183173517E-015,  0.36650778269827647E+010,  0.34005311246308080E-010,  0.62315020043652459E-010,  0.92051077625630657E-014,  0.26381243685387100E-018,  0.70051218617963898E+011,  0.46629077705350280E-012,  0.64420507782261498E-010,  0.14960330737397310E-011,  0.36109853084043711E-012,  0.18877266359957892E-011,  0.64308251364013636E-011,  0.88086719238045859E-017,  0.67775677574025583E+006,  0.24992405613714982E-009,  0.61994268433581561E-010,  0.20043280386614264E-019,  0.22635981290245762E+010]
    mmr: [  0.99900000000000000E+000,  0.32168045311534686E-002, -0.15416886209609602E-001,  0.19860758934590180E+002,  0.30614192456031674E+002,  0.14898718196285364E+003,  0.22400303375193337E+003,  0.68476390229712546E+005,  0.64848183914101421E+005,  0.20678046198142980E+003,  0.10268590132200855E-003,  0.35567734648777433E-004,  0.19322332320902068E-004,  0.10736305674182504E-004,  0.61640146567216369E-005,  0.39227392654212203E-005,  0.22435781714390889E-005,  0.26914114172943816E-005,  0.38167965165025744E-005,  0.00000000000000000E+000,  0.00000000000000000E+000,  0.00000000000000000E+000,  0.00000000000000000E+000,  0.00000000000000000E+000,  0.00000000000000000E+000,  0.00000000000000000E+000,  0.00000000000000000E+000,  0.92500000000000004E+000,  0.67563037284312734E-003,  0.96414629925665031E-004,  0.84178820257513800E-004]
    mbar: [  0.28966000000000001E+002]
    ncol: [         4]
    pcols: [         4]
    pver: [        72]
    gas_pcsnt: [        31]
    adv_mass: [  0.47998199999999997E+002,  0.34013599999999997E+002,  0.98078400000000002E+002,  0.64064800000000005E+002,  0.62132399999999997E+002,  0.12010999999999999E+002,  0.11510733999999999E+003,  0.12010999999999999E+002,  0.12010999999999999E+002,  0.12010999999999999E+002,  0.13506403900000001E+003,  0.58442467999999998E+002,  0.25009267199999999E+006,  0.10074000000000001E+001,  0.11510733999999999E+003,  0.12010999999999999E+002,  0.58442467999999998E+002,  0.25009267199999999E+006,  0.10074000000000001E+001,  0.13506403900000001E+003,  0.58442467999999998E+002,  0.11510733999999999E+003,  0.12010999999999999E+002,  0.12010999999999999E+002,  0.12010999999999999E+002,  0.25009267199999999E+006,  0.10074000000000001E+001,  0.12010999999999999E+002,  0.12010999999999999E+002,  0.25009267199999999E+006,  0.10074000000000001E+001]
