# Data at [lat=   39.0553303768561      , lon=   352.440165015397      , k=          37 , time step=        1406 ] 
mam4xx:
  function: nucleati
input:
  fixed:
    dt:    0.00
    wbar: [ 0.2000000000E+00]
    tair: [ 0.2162291542E+03]
    pmid: [ 0.2345738215E+05]
    relhum: [ 0.7628700627E+00]
    cldn: [ 0.3316474520E+00]
    rhoair: [ 0.3779369685E+00]
    so4_num: [ 0.5303462857E+01]
    dst3_num: [ 0.2117117105E-02]
    subgrid: [ 0.1200000000E+01]
