# Data at [lat=   39.0553303768561      , lon=   352.440165015397      , k=          37 , time step=        1404 ] 
mam4xx:
  function: compute_tendencies
input:
  fixed:
    dt:    0.00
    wbar: [ 0.2000000000E+00]
    tair: [ 0.2160054731E+03]
    pmid: [ 0.2346378114E+05]
    relhum: [ 0.7452682855E+00]
    cldn: [ 0.7120661434E+00]
    rhoair: [ 0.3784315403E+00]
    so4_num: [ 0.5353090275E+01]
    dst3_num: [ 0.2138105217E-02]
