# Data at [lat=   27.8859484222059      , lon=   83.8815732902265      , k=          44 , time step=        1410 ] 
mam4xx:
  function: nucleati
input:
  fixed:
    dt:    0.00
    wbar: [ 0.2000000000E+00]
    tair: [ 0.2373950401E+03]
    pmid: [ 0.3691236844E+05]
    relhum: [ 0.7092935911E+00]
    cldn: [ 0.9990000000E+00]
    rhoair: [ 0.5416944083E+00]
    so4_num: [ 0.1045423629E+02]
    dst3_num: [ 0.1542388755E-01]
    subgrid: [ 0.1200000000E+01]
