# Data at [lat=   39.0553303768561      , lon=   262.904774388088      , k=          54 , time step=        1412 ] 
mam4xx:
  function: sedimentation_solver_for_1_tracer
input:
  fixed:
    ncol: [         4]
    dt: [  0.36000000000000000E+004]
    sed_vel: [  0.15126728218238792E-002]
    qq_in: [  0.12839337262260757E-012]
    rho: [  0.10208408412634766E+001]
    tair: [  0.25181704964517314E+003]
    pint: [  0.72548532426024525E+005]
    pmid: [  0.73788568743330252E+005]
    pdel: [  0.24800726346114679E+004]
    pcols: [         4]
    pver: [        72]
    pverp: [        73]
    gravit: [  0.98061600000000002E+001]
