# Data at [lat=   39.0553303768561      , lon=   262.904774388088      , k=          54 , time step=        1404 ] 
mam4xx:
  function: sedimentation_solver_for_1_tracer
input:
  fixed:
    ncol: [         4]
    dt: [  0.36000000000000000E+004]
    sed_vel: [  0.56822086256824549E-002]
    qq_in: [  0.14023382466682217E-012]
    rho: [  0.10143218676032904E+001]
    tair: [  0.25308585544715413E+003]
    pint: [  0.72449014072526435E+005]
    pmid: [  0.73686780312465751E+005]
    pdel: [  0.24755324798786460E+004]
    pcols: [         4]
    pver: [        72]
    pverp: [        73]
    gravit: [  0.98061600000000002E+001]
