# Data at [lat=   39.0553303768561      , lon=   262.904774388088      , k=          54 , time step=        1407 ] 
mam4xx:
  function: sedimentation_solver_for_1_tracer
input:
  fixed:
    ncol: [         4]
    dt: [  0.36000000000000000E+004]
    sed_vel: [  0.70177668630513430E-002]
    qq_in: [  0.77999757427649766E-014]
    rho: [  0.10198781758458073E+001]
    tair: [  0.25215295026150088E+003]
    pint: [  0.72576642001523782E+005]
    pmid: [  0.73817319516245640E+005]
    pdel: [  0.24813550294437155E+004]
    pcols: [         4]
    pver: [        72]
    pverp: [        73]
    gravit: [  0.98061600000000002E+001]
