# Data at [lat=   39.0553303768561      , lon=   262.904774388088      , k=          54 , time step=        1403 ] 
mam4xx:
  function: sedimentation_solver_for_1_tracer
input:
  fixed:
    ncol: [         4]
    dt: [  0.36000000000000000E+004]
    sed_vel: [  0.69890729056754320E-002]
    qq_in: [  0.76229123155992456E-010]
    rho: [  0.10123561452047354E+001]
    tair: [  0.25345437830920554E+003]
    pint: [  0.72414096712217593E+005]
    pmid: [  0.73651066464810152E+005]
    pdel: [  0.24739395051851316E+004]
    pcols: [         4]
    pver: [        72]
    pverp: [        73]
    gravit: [  0.98061600000000002E+001]
