# Data at [lat=   39.0553303768561      , lon=   262.904774388088      , k=          54 , time step=        1410 ] 
mam4xx:
  function: sedimentation_solver_for_1_tracer
input:
  fixed:
    ncol: [         4]
    dt: [  0.36000000000000000E+004]
    sed_vel: [  0.15172599247097319E-002]
    qq_in: [  0.95791103345572324E-012]
    rho: [  0.10213089106025375E+001]
    tair: [  0.25186794733003740E+003]
    pint: [  0.72596199279596112E+005]
    pmid: [  0.73837322908353613E+005]
    pdel: [  0.24822472575150168E+004]
    pcols: [         4]
    pver: [        72]
    pverp: [        73]
    gravit: [  0.98061600000000002E+001]
