# Data at [lat=   39.0553303768561      , lon=   262.904774388088      , k=          54 , time step=        1414 ] 
mam4xx:
  function: sedimentation_solver_for_1_tracer
input:
  fixed:
    ncol: [         4]
    dt: [  0.36000000000000000E+004]
    sed_vel: [  0.15365324392293497E-002]
    qq_in: [  0.33395205734697823E-011]
    rho: [  0.10219893278665666E+001]
    tair: [  0.25153838282546428E+003]
    pint: [  0.72549771171952743E+005]
    pmid: [  0.73789835745846271E+005]
    pdel: [  0.24801291477870836E+004]
    pcols: [         4]
    pver: [        72]
    pverp: [        73]
    gravit: [  0.98061600000000002E+001]
