# Data at [lat=   39.0553303768561      , lon=   262.904774388088      , k=          54 , time step=        1415 ] 
mam4xx:
  function: sedimentation_solver_for_1_tracer
input:
  fixed:
    ncol: [         4]
    dt: [  0.36000000000000000E+004]
    sed_vel: [  0.16048695796878091E-002]
    qq_in: [  0.73287935911122171E-012]
    rho: [  0.10223747873618645E+001]
    tair: [  0.25153076563850570E+003]
    pint: [  0.72574795971527099E+005]
    pmid: [  0.73815431377122688E+005]
    pdel: [  0.24812708111911925E+004]
    pcols: [         4]
    pver: [        72]
    pverp: [        73]
    gravit: [  0.98061600000000002E+001]
