# Data at [lat=   39.0553303768561      , lon=   262.904774388088      , k=          54 , time step=        1401 ] 
mam4xx:
  function: sedimentation_solver_for_1_tracer
input:
  fixed:
    ncol: [         4]
    dt: [  0.36000000000000000E+004]
    sed_vel: [  0.14769829525234452E-005]
    qq_in: [  0.34669544946291982E-013]
    rho: [  0.10087665775526036E+001]
    tair: [  0.25429567378100737E+003]
    pint: [  0.72396943703549943E+005]
    pmid: [  0.73633522185031456E+005]
    pdel: [  0.24731569629630394E+004]
    pcols: [         4]
    pver: [        72]
    pverp: [        73]
    gravit: [  0.98061600000000002E+001]
