# Data at [lat=   39.0553303768561      , lon=   262.904774388088      , k=          54 , time step=        1411 ] 
mam4xx:
  function: sedimentation_solver_for_1_tracer
input:
  fixed:
    ncol: [         4]
    dt: [  0.36000000000000000E+004]
    sed_vel: [  0.15119868077416334E-002]
    qq_in: [  0.12834729740730373E-012]
    rho: [  0.10208140660397955E+001]
    tair: [  0.25191209535514304E+003]
    pint: [  0.72573869102084544E+005]
    pmid: [  0.73814483365194654E+005]
    pdel: [  0.24812285262202349E+004]
    pcols: [         4]
    pver: [        72]
    pverp: [        73]
    gravit: [  0.98061600000000002E+001]
