# Data at [lat=   39.0553303768561      , lon=   262.904774388088      , k=          54 , time step=        1400 ] 
mam4xx:
  function: sedimentation_solver_for_1_tracer
input:
  fixed:
    ncol: [         4]
    dt: [  0.36000000000000000E+004]
    sed_vel: [  0.18022402279812209E-004]
    qq_in: [  0.77022453474403433E-010]
    rho: [  0.10072025410912551E+001]
    tair: [  0.25467953091539104E+003]
    pint: [  0.72393826956975259E+005]
    pmid: [  0.73630334343471710E+005]
    pdel: [  0.24730147729929158E+004]
    pcols: [         4]
    pver: [        72]
    pverp: [        73]
    gravit: [  0.98061600000000002E+001]
