# Data at [lat=   39.0553303768561      , lon=   262.904774388088      , k=          54 , time step=        1406 ] 
mam4xx:
  function: sedimentation_solver_for_1_tracer
input:
  fixed:
    ncol: [         4]
    dt: [  0.36000000000000000E+004]
    sed_vel: [  0.70123053811552557E-002]
    qq_in: [  0.15048365627342102E-013]
    rho: [  0.10182541042230193E+001]
    tair: [  0.25240041995122448E+003]
    pint: [  0.72532433392349703E+005]
    pmid: [  0.73772102480388843E+005]
    pdel: [  0.24793381760783086E+004]
    pcols: [         4]
    pver: [        72]
    pverp: [        73]
    gravit: [  0.98061600000000002E+001]
