# Data at [lat=   39.0553303768561      , lon=   262.904774388088      , k=          54 , time step=        1416 ] 
mam4xx:
  function: sedimentation_solver_for_1_tracer
input:
  fixed:
    ncol: [         4]
    dt: [  0.36000000000000000E+004]
    sed_vel: [  0.43880151835674001E-005]
    qq_in: [  0.20584090032695145E-010]
    rho: [  0.10239308874439399E+001]
    tair: [  0.25132448065995982E+003]
    pint: [  0.72625363354907851E+005]
    pmid: [  0.73867152234897410E+005]
    pdel: [  0.24835777599791327E+004]
    pcols: [         4]
    pver: [        72]
    pverp: [        73]
    gravit: [  0.98061600000000002E+001]
