# Data at [lat=   39.0553303768561      , lon=   262.904774388088      , k=          54 , time step=        1405 ] 
mam4xx:
  function: sedimentation_solver_for_1_tracer
input:
  fixed:
    ncol: [         4]
    dt: [  0.36000000000000000E+004]
    sed_vel: [  0.70045668565155428E-002]
    qq_in: [  0.26617114529907073E-016]
    rho: [  0.10162683776962529E+001]
    tair: [  0.25275054215293568E+003]
    pint: [  0.72491633820414849E+005]
    pmid: [  0.73730372244093567E+005]
    pdel: [  0.24774768473574659E+004]
    pcols: [         4]
    pver: [        72]
    pverp: [        73]
    gravit: [  0.98061600000000002E+001]
