# Data at [lat=   39.0553303768561      , lon=   262.904774388088      , k=          54 , time step=        1413 ] 
mam4xx:
  function: sedimentation_solver_for_1_tracer
input:
  fixed:
    ncol: [         4]
    dt: [  0.36000000000000000E+004]
    sed_vel: [  0.70289740512242292E-002]
    qq_in: [  0.99231580276297929E-012]
    rho: [  0.10214612697063932E+001]
    tair: [  0.25165448398307859E+003]
    pint: [  0.72545776515212405E+005]
    pmid: [  0.73785749968427845E+005]
    pdel: [  0.24799469064308942E+004]
    pcols: [         4]
    pver: [        72]
    pverp: [        73]
    gravit: [  0.98061600000000002E+001]
