# Data at [lat=   39.0553303768561      , lon=   262.904774388088      , k=          54 , time step=        1409 ] 
mam4xx:
  function: sedimentation_solver_for_1_tracer
input:
  fixed:
    ncol: [         4]
    dt: [  0.36000000000000000E+004]
    sed_vel: [  0.32919538765052835E-002]
    qq_in: [  0.10966835010691096E-012]
    rho: [  0.10224555163980475E+001]
    tair: [  0.25167660719924228E+003]
    pint: [  0.72622342779770013E+005]
    pmid: [  0.73864062758506552E+005]
    pdel: [  0.24834399574731069E+004]
    pcols: [         4]
    pver: [        72]
    pverp: [        73]
    gravit: [  0.98061600000000002E+001]
