# Data at [lat=   39.0553303768561      , lon=   262.904774388088      , k=          54 , time step=        1402 ] 
mam4xx:
  function: sedimentation_solver_for_1_tracer
input:
  fixed:
    ncol: [         4]
    dt: [  0.36000000000000000E+004]
    sed_vel: [  0.69803327661123772E-002]
    qq_in: [  0.39826733521315781E-011]
    rho: [  0.10104512957066121E+001]
    tair: [  0.25385187022866876E+003]
    pint: [  0.72391323778787599E+005]
    pmid: [  0.73627774066186757E+005]
    pdel: [  0.24729005747983465E+004]
    pcols: [         4]
    pver: [        72]
    pverp: [        73]
    gravit: [  0.98061600000000002E+001]
