# Data at [lat=   39.0553303768561      , lon=   262.904774388088      , k=          30 , time step=        1404 ] 
mam4xx:
  function: tropopause_interpolateT
input:
  fixed:
    pmid: [  0.23332366781697390E+005]
    pmid_p1: [  0.25222381723659713E+005]
    pmid_m1: [  0.21590394800739905E+005]
    temp: [  0.21804111839202363E+003]
    temp_p1: [  0.21917292759118035E+003]
    temp_m1: [  0.21732082510057637E+003]
    tropLev: [        37]
    tropP: [  0.23649005040036354E+005]
