# Data at [lat=   39.0553303768561      , lon=   262.904774388088      , k=          30 , time step=        1416 ] 
mam4xx:
  function: tropopause_interpolateP
input:
  fixed:
    pmid: [  0.68476390229712551E+004]
    pmid_p1: [  0.75355335897260984E+004]
    pmid_m1: [  0.61015181670369457E+004]
    zm: [  0.17492988358750827E+005]
    zm_p1: [  0.16904872282821543E+005]
    zm_m1: [  0.18201942512751175E+005]
    tropLev: [        22]
    tropZ: [  0.17390185699832429E+005]
