# Data at [lat=   39.0553303768561      , lon=   262.904774388088      , k=          30 , time step=        1414 ] 
mam4xx:
  function: tropopause_interpolateT
input:
  fixed:
    pmid: [  0.23341922137057227E+005]
    pmid_p1: [  0.25235446534503626E+005]
    pmid_m1: [  0.21596715592703345E+005]
    temp: [  0.21744663142238204E+003]
    temp_p1: [  0.21871763583054664E+003]
    temp_m1: [  0.21663206183310771E+003]
    tropLev: [        37]
    tropP: [  0.23150165210106839E+005]
