# Data at [lat=   39.0553303768561      , lon=   262.904774388088      , k=          30 , time step=        1417 ] 
mam4xx:
  function: tropopause_interpolateT
input:
  fixed:
    pmid: [  0.23351937115025838E+005]
    pmid_p1: [  0.25249139776443732E+005]
    pmid_m1: [  0.21603340421385714E+005]
    temp: [  0.21719844571873094E+003]
    temp_p1: [  0.21849514564724322E+003]
    temp_m1: [  0.21635320017061491E+003]
    tropLev: [        37]
    tropP: [  0.23043664838171419E+005]
