# Data at [lat=   39.0553303768561      , lon=   262.904774388088      , k=          30 , time step=        1405 ] 
mam4xx:
  function: tropopause_interpolateT
input:
  fixed:
    pmid: [  0.23336408649106626E+005]
    pmid_p1: [  0.25227908073143251E+005]
    pmid_m1: [  0.21593068464049695E+005]
    temp: [  0.21797991034665040E+003]
    temp_p1: [  0.21912090189033285E+003]
    temp_m1: [  0.21725523635617617E+003]
    tropLev: [        37]
    tropP: [  0.23620856498109231E+005]
