# Data at [lat=   39.0553303768561      , lon=   262.904774388088      , k=          30 , time step=        1402 ] 
mam4xx:
  function: tropopause_interpolateT
input:
  fixed:
    pmid: [  0.23326895690720907E+005]
    pmid_p1: [  0.25214901230676893E+005]
    pmid_m1: [  0.21586775717349163E+005]
    temp: [  0.21814827265853211E+003]
    temp_p1: [  0.21928027049676572E+003]
    temp_m1: [  0.21742902407305030E+003]
    tropLev: [        37]
    tropP: [  0.23642784815680850E+005]
