# Data at [lat=   39.0553303768561      , lon=   262.904774388088      , k=          30 , time step=        1408 ] 
mam4xx:
  function: tropopause_interpolateT
input:
  fixed:
    pmid: [  0.23347961274549700E+005]
    pmid_p1: [  0.25243703704020445E+005]
    pmid_m1: [  0.21600710434369725E+005]
    temp: [  0.21778976900488141E+003]
    temp_p1: [  0.21898351292055793E+003]
    temp_m1: [  0.21703499882114065E+003]
    tropLev: [        37]
    tropP: [  0.23447007719782399E+005]
