# Data at [lat=   39.0553303768561      , lon=   262.904774388088      , k=          30 , time step=        1401 ] 
mam4xx:
  function: tropopause_interpolateT
input:
  fixed:
    pmid: [  0.23327428659400091E+005]
    pmid_p1: [  0.25215629946116256E+005]
    pmid_m1: [  0.21587128271913309E+005]
    temp: [  0.21819137958120524E+003]
    temp_p1: [  0.21933080545562268E+003]
    temp_m1: [  0.21747144826119521E+003]
    tropLev: [        37]
    tropP: [  0.23621697863262270E+005]
