# Data at [lat=   39.0553303768561      , lon=   262.904774388088      , k=          30 , time step=        1416 ] 
mam4xx:
  function: tropopause_interpolateT
input:
  fixed:
    pmid: [  0.23349090963618077E+005]
    pmid_p1: [  0.25245248301100819E+005]
    pmid_m1: [  0.21601457714749751E+005]
    temp: [  0.21730774460717379E+003]
    temp_p1: [  0.21859495974797062E+003]
    temp_m1: [  0.21647418748172734E+003]
    tropLev: [        37]
    tropP: [  0.23085925671607754E+005]
