# Data at [lat=   39.0553303768561      , lon=   262.904774388088      , k=          30 , time step=        1412 ] 
mam4xx:
  function: tropopause_interpolateT
input:
  fixed:
    pmid: [  0.23341804659900656E+005]
    pmid_p1: [  0.25235285910772614E+005]
    pmid_m1: [  0.21596637882493815E+005]
    temp: [  0.21749995360049982E+003]
    temp_p1: [  0.21875950127000362E+003]
    temp_m1: [  0.21669426741400838E+003]
    tropLev: [        37]
    tropP: [  0.23191106992722605E+005]
