# Data at [lat=   39.0553303768561      , lon=   262.904774388088      , k=          30 , time step=        1407 ] 
mam4xx:
  function: tropopause_interpolateT
input:
  fixed:
    pmid: [  0.23344470447070384E+005]
    pmid_p1: [  0.25238930778368958E+005]
    pmid_m1: [  0.21598401279613456E+005]
    temp: [  0.21786033067140957E+003]
    temp_p1: [  0.21903439783362586E+003]
    temp_m1: [  0.21711957266929016E+003]
    tropLev: [        37]
    tropP: [  0.23515898283148617E+005]
