# Data at [lat=   39.0553303768561      , lon=   262.904774388088      , k=          30 , time step=        1409 ] 
mam4xx:
  function: tropopause_interpolateT
input:
  fixed:
    pmid: [  0.23348804505700991E+005]
    pmid_p1: [  0.25244856633982170E+005]
    pmid_m1: [  0.21601268225104206E+005]
    temp: [  0.21770151500576378E+003]
    temp_p1: [  0.21891755959606428E+003]
    temp_m1: [  0.21692959935817552E+003]
    tropLev: [        37]
    tropP: [  0.23363359158810297E+005]
