# Data at [lat=   39.0553303768561      , lon=   262.904774388088      , k=          30 , time step=        1411 ] 
mam4xx:
  function: tropopause_interpolateT
input:
  fixed:
    pmid: [  0.23344207477615426E+005]
    pmid_p1: [  0.25238571226467709E+005]
    pmid_m1: [  0.21598227327399756E+005]
    temp: [  0.21754763090258592E+003]
    temp_p1: [  0.21879648011907821E+003]
    temp_m1: [  0.21674817117039728E+003]
    tropLev: [        37]
    tropP: [  0.23228885199313758E+005]
