# Data at [lat=   39.0553303768561      , lon=   262.904774388088      , k=          30 , time step=        1415 ] 
mam4xx:
  function: tropopause_interpolateT
input:
  fixed:
    pmid: [  0.23344295377792649E+005]
    pmid_p1: [  0.25238691410296073E+005]
    pmid_m1: [  0.21598285472671476E+005]
    temp: [  0.21738747819641694E+003]
    temp_p1: [  0.21866615307781785E+003]
    temp_m1: [  0.21656407692226867E+003]
    tropLev: [        37]
    tropP: [  0.23118814591518414E+005]
