# Data at [lat=   39.0553303768561      , lon=   262.904774388088      , k=          30 , time step=        1413 ] 
mam4xx:
  function: tropopause_interpolateT
input:
  fixed:
    pmid: [  0.23341543301571568E+005]
    pmid_p1: [  0.25234928561725566E+005]
    pmid_m1: [  0.21596464996027131E+005]
    temp: [  0.21747938818434565E+003]
    temp_p1: [  0.21874490408588574E+003]
    temp_m1: [  0.21666961189342786E+003]
    tropLev: [        37]
    tropP: [  0.23170659336158518E+005]
