# Data at [lat=   39.0553303768561      , lon=   262.904774388088      , k=          30 , time step=        1415 ] 
mam4xx:
  function: tropopause_interpolateP
input:
  fixed:
    pmid: [  0.68476390229712551E+004]
    pmid_p1: [  0.75355335897260984E+004]
    pmid_m1: [  0.61015181670369457E+004]
    zm: [  0.17491189901003920E+005]
    zm_p1: [  0.16902999622502648E+005]
    zm_m1: [  0.18200347109298993E+005]
    tropLev: [        22]
    tropZ: [  0.17339737279011406E+005]
