# Data at [lat=   39.0553303768561      , lon=   262.904774388088      , k=          30 , time step=        1411 ] 
mam4xx:
  function: tropopause_interpolateP
input:
  fixed:
    pmid: [  0.68476390229712551E+004]
    pmid_p1: [  0.75355335897260984E+004]
    pmid_m1: [  0.61015181670369457E+004]
    zm: [  0.17484676017205995E+005]
    zm_p1: [  0.16898497432124594E+005]
    zm_m1: [  0.18191591854658156E+005]
    tropLev: [        22]
    tropZ: [  0.17294559310200231E+005]
