# Data at [lat=   39.0553303768561      , lon=   262.904774388088      , k=          30 , time step=        1403 ] 
mam4xx:
  function: tropopause_interpolateT
input:
  fixed:
    pmid: [  0.23329055374482632E+005]
    pmid_p1: [  0.25217854115082242E+005]
    pmid_m1: [  0.21588204331068970E+005]
    temp: [  0.21810495330306492E+003]
    temp_p1: [  0.21923320804521265E+003]
    temp_m1: [  0.21738616225203305E+003]
    tropLev: [        37]
    tropP: [  0.23657617481883681E+005]
