# Data at [lat=   39.0553303768561      , lon=   262.904774388088      , k=          30 , time step=        1410 ] 
mam4xx:
  function: tropopause_interpolateT
input:
  fixed:
    pmid: [  0.23346325172374269E+005]
    pmid_p1: [  0.25241466700304896E+005]
    pmid_m1: [  0.21599628165726397E+005]
    temp: [  0.21760502642469677E+003]
    temp_p1: [  0.21884402513491443E+003]
    temp_m1: [  0.21681608191039925E+003]
    tropLev: [        37]
    tropP: [  0.23275363957331690E+005]
