# Data at [lat=   39.0553303768561      , lon=   262.904774388088      , k=          30 , time step=        1406 ] 
mam4xx:
  function: tropopause_interpolateT
input:
  fixed:
    pmid: [  0.23340277899120636E+005]
    pmid_p1: [  0.25233198406954732E+005]
    pmid_m1: [  0.21595627942318381E+005]
    temp: [  0.21791856653305865E+003]
    temp_p1: [  0.21907399304226831E+003]
    temp_m1: [  0.21718741141264044E+003]
    tropLev: [        37]
    tropP: [  0.23575232569665004E+005]
