# Data at [lat=   39.0553303768561      , lon=   262.904774388088      , k=          30 , time step=        1414 ] 
mam4xx:
  function: tropopause_interpolateP
input:
  fixed:
    pmid: [  0.68476390229712551E+004]
    pmid_p1: [  0.75355335897260984E+004]
    pmid_m1: [  0.61015181670369457E+004]
    zm: [  0.17490227256055859E+005]
    zm_p1: [  0.16902191549787971E+005]
    zm_m1: [  0.18199292737678225E+005]
    tropLev: [        22]
    tropZ: [  0.17302821531319682E+005]
