# Data at [lat=   39.0553303768561      , lon=   262.904774388088      , k=          30 , time step=        1405 ] 
mam4xx:
  function: tropopause_interpolateP
input:
  fixed:
    pmid: [  0.75355335897260984E+004]
    pmid_p1: [  0.81946275124734711E+004]
    pmid_m1: [  0.68476390229712551E+004]
    zm: [  0.16892705190792942E+005]
    zm_p1: [  0.16381699444651284E+005]
    zm_m1: [  0.17477668492327466E+005]
    tropLev: [        23]
    tropZ: [  0.17146932892484314E+005]
