# Data at [lat=   39.0553303768561      , lon=   262.904774388088      , k=          30 , time step=        1400 ] 
mam4xx:
  function: tropopause_interpolateT
input:
  fixed:
    pmid: [  0.23327133081011500E+005]
    pmid_p1: [  0.25215225808793144E+005]
    pmid_m1: [  0.21586932749148033E+005]
    temp: [  0.21821368567276312E+003]
    temp_p1: [  0.21936063505553668E+003]
    temp_m1: [  0.21749059924129344E+003]
    tropLev: [        37]
    tropP: [  0.23595333341721096E+005]
