# Data at [lat=   61.1276754688582      , lon=   168.588403011378      , k=          72 , time step=         300 ] 
mam4xx:
  function: calculate_ustar_over_water
input:
  fixed:
    dt:    0.00
    ncol: [         4]
    beglt: [         1]
    endlt: [        11]
    index_season: [         4,         4,         4,         4,         4,         4,         4,         4,         4,         4,         4]
    fr_lnduse: [         1,         0,         1,         1,         1,         1,         1,         1,         0,         0,         1]
    unstable: [         1]
    zl: [  0.11495025186520767E+002]
    uustar: [  0.29335023410482277E+001]
    ribn: [ -0.35697676249964824E-001]
    diffk: [  0.14610000000000001E-004]
