# Data at [lat=   61.1276754688582      , lon=   168.588403011378      , k=          72 , time step=         300 ] 
mam4xx:
  function: calculate_ustar_over_water
input:
  fixed:
    ncol: [         4]
    beglt: [         1]
    endlt: [        11]
    index_season: [         4,         4,         4,         4,         4,         4,         4,         4,         4,         4,         4]
    fr_lnduse: [         1,         0,         1,         1,         1,         1,         1,         1,         0,         0,         1]
    unstable: [         1]
    zl: [  0.11495025186520767E+002]
    uustar: [  0.29335023410482277E+001]
    ribn: [ -0.35697676249964824E-001]
    diffk: [  0.14610000000000001E-004]
    n_land_type: [        11]
    lt_for_water: [         7]
    karman: [  0.40000000000000002E+000]
    grav: [  0.98100000000000005E+001]
    ustar: [  0.71828926741295929E+000,  0.45135372802784253E-022,  0.36228902786996409E+000,  0.71828926741295929E+000,  0.71828926741295929E+000,  0.71828926741295929E+000,  0.35199277781661614E+000,  0.37767425579814973E+000,  0.73091610081688663E-015,  0.27505955735996310E-013,  0.47237997047133484E+000]
    cvar: [  0.16380590912824289E+000,  0.00000000000000000E+000,  0.42782260326089769E-001,  0.16380590912824289E+000,  0.16380590912824289E+000,  0.16380590912824289E+000,  0.40565913757426325E-001,  0.46207931928295559E-001,  0.00000000000000000E+000,  0.00000000000000000E+000,  0.70661513268144335E-001]
    bycp: [  0.16380590912824289E+000,  0.00000000000000000E+000,  0.42782260326089769E-001,  0.16380590912824289E+000,  0.16380590912824289E+000,  0.16380590912824289E+000,  0.40565913757426325E-001,  0.46207931928295559E-001,  0.00000000000000000E+000,  0.00000000000000000E+000,  0.70661513268144335E-001]
