# Data at [lat=  -5.57727434969463      , lon=   184.674947489650      , k=          72 , time step=        1000 ] 
mam4xx:
  function: calculate_resistance_rclx
input:
  fixed:
    ncol: [         4]
    beglt: [         1]
    endlt: [        11]
    index_season: [         1,         1,         1,         1,         1,         1,         1,         1,         1,         1,         1]
    fr_lnduse: [         0,         0,         0,         0,         0,         0,         1,         0,         0,         0,         0]
    heff: [  0.63920213902157237E+005,  0.77625658959185867E+011,  0.14387290493476496E+004]
    cts: [  0.66950903420779367E-011]
    rclo: [  0.10000000000000000E+037,  0.10000000000000000E+037,  0.10000000000000000E+037,  0.10000000000000000E+037,  0.10000000000000000E+037,  0.10000000000000000E+004,  0.40000000000000000E+003,  0.10000000000000000E+004,  0.10000000000000000E+004,  0.10000000000000000E+004,  0.10000000000000000E+004,  0.40000000000000000E+003,  0.40000000000000000E+003,  0.10000000000000000E+004,  0.50000000000000000E+003,  0.10000000000000000E+004,  0.40000000000000000E+003,  0.40000000000000000E+003,  0.40000000000000000E+003,  0.50000000000000000E+003,  0.10000000000000000E+004,  0.10000000000000000E+004,  0.10000000000000000E+004,  0.15000000000000000E+004,  0.15000000000000000E+004,  0.10000000000000000E+004,  0.60000000000000000E+003,  0.60000000000000000E+003,  0.60000000000000000E+003,  0.70000000000000000E+003,  0.10000000000000000E+037,  0.10000000000000000E+037,  0.10000000000000000E+037,  0.10000000000000000E+037,  0.10000000000000000E+037,  0.10000000000000000E+037,  0.10000000000000000E+037,  0.10000000000000000E+037,  0.10000000000000000E+037,  0.10000000000000000E+037,  0.10000000000000000E+004,  0.40000000000000000E+003,  0.80000000000000000E+003,  0.80000000000000000E+003,  0.60000000000000000E+003,  0.10000000000000000E+004,  0.40000000000000000E+003,  0.60000000000000000E+003,  0.10000000000000000E+004,  0.80000000000000000E+003,  0.10000000000000000E+004,  0.40000000000000000E+003,  0.60000000000000000E+003,  0.80000000000000000E+003,  0.80000000000000000E+003]
    rcls: [  0.10000000000000000E+037,  0.10000000000000000E+037,  0.10000000000000000E+037,  0.10000000000000000E+037,  0.10000000000000000E+037,  0.20000000000000000E+004,  0.90000000000000000E+004,  0.10000000000000000E+037,  0.10000000000000000E+037,  0.40000000000000000E+004,  0.20000000000000000E+004,  0.90000000000000000E+004,  0.90000000000000000E+004,  0.10000000000000000E+037,  0.40000000000000000E+004,  0.20000000000000000E+004,  0.90000000000000000E+004,  0.90000000000000000E+004,  0.90000000000000000E+004,  0.40000000000000000E+004,  0.20000000000000000E+004,  0.20000000000000000E+004,  0.30000000000000000E+004,  0.20000000000000000E+003,  0.20000000000000000E+004,  0.20000000000000000E+004,  0.40000000000000000E+004,  0.60000000000000000E+004,  0.40000000000000000E+003,  0.30000000000000000E+004,  0.10000000000000000E+037,  0.10000000000000000E+037,  0.10000000000000000E+037,  0.10000000000000000E+037,  0.10000000000000000E+037,  0.10000000000000000E+037,  0.10000000000000000E+037,  0.10000000000000000E+037,  0.10000000000000000E+037,  0.10000000000000000E+037,  0.25000000000000000E+004,  0.90000000000000000E+004,  0.90000000000000000E+004,  0.90000000000000000E+004,  0.40000000000000000E+004,  0.20000000000000000E+004,  0.90000000000000000E+004,  0.90000000000000000E+004,  0.10000000000000000E+037,  0.40000000000000000E+004,  0.40000000000000000E+004,  0.90000000000000000E+004,  0.90000000000000000E+004,  0.90000000000000000E+004,  0.80000000000000000E+004]
    foxd: [  0.10000000000000000E+001,  0.99999999999999994E-036,  0.99999999999999994E-036]
