# Data at [lat=  -4.98879105856447      , lon=   28.0026147968828      , k=          72 , time step=         100 ] 
mam4xx:
  function: calculate_obukhov_length
input:
  fixed:
    dt:    0.00
    ncol: [         4]
    beglt: [         1]
    endlt: [        11]
    fr_lnduse: [         1,         1,         1,         1,         0,         1,         1,         1,         0,         0,         1]
    unstable: [         0]
    tha: [  0.29795533692178122E+003]
    thg: [  0.29579963172292656E+003]
    ustar: [  0.50849810604553819E-001,  0.40929596670567600E-001,  0.34483667412204856E-001,  0.50849810604553819E-001,  0.00000000000000000E+000,  0.50849810604553819E-001,  0.23236499284091241E-001,  0.27430713884208955E-001,  0.00000000000000000E+000,  0.00000000000000000E+000,  0.36863982242193359E-001]
    cvar: [  0.15681799295226020E+000,  0.10159963363338688E+000,  0.72118071924977281E-001,  0.15681799295226020E+000,  0.00000000000000000E+000,  0.15681799295226020E+000,  0.32746026659793731E-001,  0.45634304122174590E-001,  0.00000000000000000E+000,  0.00000000000000000E+000,  0.82417931063390432E-001]
    va: [  0.78283796138473805E+000]
    bycp: [  0.00000000000000000E+000,  0.00000000000000000E+000,  0.00000000000000000E+000,  0.00000000000000000E+000,  0.00000000000000000E+000,  0.00000000000000000E+000,  0.00000000000000000E+000,  0.00000000000000000E+000,  0.00000000000000000E+000,  0.00000000000000000E+000,  0.00000000000000000E+000]
    ribn: [  0.20000000000000001E+000]
