# Data at [lat=  -4.98879105856447      , lon=   28.0026147968828      , k=          72 , time step=         100 ] 
mam4xx:
  function: calculate_ustar
input:
  fixed:
    dt:    0.00
    ncol: [         4]
    beglt: [         1]
    endlt: [        11]
    index_season: [         1,         1,         1,         1,         1,         1,         1,         1,         1,         1,         1]
    fr_lnduse: [         1,         1,         1,         1,         0,         1,         1,         1,         0,         0,         1]
    unstable: [         0]
    zl: [  0.12816427027976749E+002]
    uustar: [  0.31987810762594951E-001]
    ribn: [  0.20000000000000001E+000]
    z0: [  0.10000000000000000E+001,  0.10000000000000000E+001,  0.10000000000000000E+001,  0.10000000000000000E+001,  0.10000000000000000E+001,  0.25000000000000000E+000,  0.10000000000000001E+000,  0.50000000000000001E-002,  0.10000000000000000E-002,  0.29999999999999999E-001,  0.50000000000000003E-001,  0.50000000000000003E-001,  0.50000000000000003E-001,  0.10000000000000000E-002,  0.20000000000000000E-001,  0.10000000000000000E+001,  0.10000000000000000E+001,  0.10000000000000000E+001,  0.10000000000000000E+001,  0.10000000000000000E+001,  0.10000000000000000E+001,  0.10000000000000000E+001,  0.10000000000000000E+001,  0.10000000000000000E+001,  0.10000000000000000E+001,  0.10000000000000000E+001,  0.10000000000000000E+001,  0.10000000000000000E+001,  0.10000000000000000E+001,  0.10000000000000000E+001,  0.59999999999999995E-003,  0.59999999999999995E-003,  0.59999999999999995E-003,  0.59999999999999995E-003,  0.59999999999999995E-003,  0.20000000000000000E-002,  0.20000000000000000E-002,  0.20000000000000000E-002,  0.20000000000000000E-002,  0.20000000000000000E-002,  0.14999999999999999E+000,  0.10000000000000001E+000,  0.10000000000000001E+000,  0.10000000000000000E-002,  0.10000000000000000E-001,  0.10000000000000001E+000,  0.80000000000000002E-001,  0.20000000000000000E-001,  0.10000000000000000E-002,  0.29999999999999999E-001,  0.10000000000000001E+000,  0.80000000000000002E-001,  0.59999999999999998E-001,  0.40000000000000001E-001,  0.59999999999999998E-001]
