# Data at [lat=  -4.98879105856447      , lon=   28.0026147968828      , k=          72 , time step=         300 ] 
mam4xx:
  function: calculate_resistance_rclx
input:
  fixed:
    ncol: [         4]
    beglt: [         1]
    endlt: [        11]
    index_season: [         1,         1,         1,         1,         1,         1,         1,         1,         1,         1,         1]
    fr_lnduse: [         1,         1,         1,         1,         0,         1,         1,         1,         0,         0,         1]
    heff: [  0.31138432794480996E+005,  0.42992261164987091E+011,  0.87454278667321046E+003]
    cts: [  0.66198231799479835E-015]
    rclo: [  0.10000000000000000E+037,  0.10000000000000000E+037,  0.10000000000000000E+037,  0.10000000000000000E+037,  0.10000000000000000E+037,  0.10000000000000000E+004,  0.40000000000000000E+003,  0.10000000000000000E+004,  0.10000000000000000E+004,  0.10000000000000000E+004,  0.10000000000000000E+004,  0.40000000000000000E+003,  0.40000000000000000E+003,  0.10000000000000000E+004,  0.50000000000000000E+003,  0.10000000000000000E+004,  0.40000000000000000E+003,  0.40000000000000000E+003,  0.40000000000000000E+003,  0.50000000000000000E+003,  0.10000000000000000E+004,  0.10000000000000000E+004,  0.10000000000000000E+004,  0.15000000000000000E+004,  0.15000000000000000E+004,  0.10000000000000000E+004,  0.60000000000000000E+003,  0.60000000000000000E+003,  0.60000000000000000E+003,  0.70000000000000000E+003,  0.10000000000000000E+037,  0.10000000000000000E+037,  0.10000000000000000E+037,  0.10000000000000000E+037,  0.10000000000000000E+037,  0.10000000000000000E+037,  0.10000000000000000E+037,  0.10000000000000000E+037,  0.10000000000000000E+037,  0.10000000000000000E+037,  0.10000000000000000E+004,  0.40000000000000000E+003,  0.80000000000000000E+003,  0.80000000000000000E+003,  0.60000000000000000E+003,  0.10000000000000000E+004,  0.40000000000000000E+003,  0.60000000000000000E+003,  0.10000000000000000E+004,  0.80000000000000000E+003,  0.10000000000000000E+004,  0.40000000000000000E+003,  0.60000000000000000E+003,  0.80000000000000000E+003,  0.80000000000000000E+003]
    rcls: [  0.10000000000000000E+037,  0.10000000000000000E+037,  0.10000000000000000E+037,  0.10000000000000000E+037,  0.10000000000000000E+037,  0.20000000000000000E+004,  0.90000000000000000E+004,  0.10000000000000000E+037,  0.10000000000000000E+037,  0.40000000000000000E+004,  0.20000000000000000E+004,  0.90000000000000000E+004,  0.90000000000000000E+004,  0.10000000000000000E+037,  0.40000000000000000E+004,  0.20000000000000000E+004,  0.90000000000000000E+004,  0.90000000000000000E+004,  0.90000000000000000E+004,  0.40000000000000000E+004,  0.20000000000000000E+004,  0.20000000000000000E+004,  0.30000000000000000E+004,  0.20000000000000000E+003,  0.20000000000000000E+004,  0.20000000000000000E+004,  0.40000000000000000E+004,  0.60000000000000000E+004,  0.40000000000000000E+003,  0.30000000000000000E+004,  0.10000000000000000E+037,  0.10000000000000000E+037,  0.10000000000000000E+037,  0.10000000000000000E+037,  0.10000000000000000E+037,  0.10000000000000000E+037,  0.10000000000000000E+037,  0.10000000000000000E+037,  0.10000000000000000E+037,  0.10000000000000000E+037,  0.25000000000000000E+004,  0.90000000000000000E+004,  0.90000000000000000E+004,  0.90000000000000000E+004,  0.40000000000000000E+004,  0.20000000000000000E+004,  0.90000000000000000E+004,  0.90000000000000000E+004,  0.10000000000000000E+037,  0.40000000000000000E+004,  0.40000000000000000E+004,  0.90000000000000000E+004,  0.90000000000000000E+004,  0.90000000000000000E+004,  0.80000000000000000E+004]
    foxd: [  0.10000000000000000E+001,  0.99999999999999994E-036,  0.99999999999999994E-036]
