# Data at [lat=  -4.98879105856447      , lon=   28.0026147968828      , k=          72 , time step=         300 ] 
mam4xx:
  function: calculate_aerodynamic_and_quasilaminar_resistance
input:
  fixed:
    dt:    0.00
    ncol: [         4]
    beglt: [         1]
    endlt: [        11]
    fr_lnduse: [         1,         1,         1,         1,         0,         1,         1,         1,         0,         0,         1]
    zl: [  0.13505708784823883E+002]
    obklen: [ -0.81551322981756957E+001, -0.11932365183156294E+002, -0.17369775671958195E+002, -0.81551322981756957E+001,  0.00000000000000000E+000, -0.81551322981756957E+001, -0.62332997465739695E+002, -0.33318867027563762E+002,  0.00000000000000000E+000,  0.00000000000000000E+000, -0.14862637879178367E+002]
    ustar: [  0.28690672541206141E+000,  0.23672974686638734E+000,  0.19649660852535877E+000,  0.28690672541206141E+000,  0.00000000000000000E+000,  0.28690672541206141E+000,  0.10931674804528765E+000,  0.14407491525175525E+000,  0.00000000000000000E+000,  0.00000000000000000E+000,  0.21221118413015858E+000]
    cvar: [  0.15366220428897573E+000,  0.10026553245438333E+000,  0.71443309895553656E-001,  0.15366220428897573E+000,  0.00000000000000000E+000,  0.15366220428897573E+000,  0.31431847720747468E-001,  0.45363197545342661E-001,  0.00000000000000000E+000,  0.00000000000000000E+000,  0.81537843485952236E-001]
