# Data at [lat=  -4.98879105856447      , lon=   28.0026147968828      , k=          72 , time step=         100 ] 
mam4xx:
  function: calculate_aerodynamic_and_quasilaminar_resistance
input:
  fixed:
    ncol: [         4]
    beglt: [         1]
    endlt: [        11]
    fr_lnduse: [         1,         1,         1,         1,         0,         1,         1,         1,         0,         0,         1]
    zl: [  0.12816427027976749E+002]
    obklen: [  0.13080654067092725E+002,  0.20189855454658101E+002,  0.28443382671658227E+002,  0.13080654067092725E+002,  0.00000000000000000E+000,  0.13080654067092725E+002,  0.62642162318364811E+002,  0.44950437105658501E+002,  0.00000000000000000E+000,  0.00000000000000000E+000,  0.24888781977875546E+002]
    ustar: [  0.50849810604553819E-001,  0.40929596670567600E-001,  0.34483667412204856E-001,  0.50849810604553819E-001,  0.00000000000000000E+000,  0.50849810604553819E-001,  0.23236499284091241E-001,  0.27430713884208955E-001,  0.00000000000000000E+000,  0.00000000000000000E+000,  0.36863982242193359E-001]
    cvar: [  0.15681799295226020E+000,  0.10159963363338688E+000,  0.72118071924977281E-001,  0.15681799295226020E+000,  0.00000000000000000E+000,  0.15681799295226020E+000,  0.32746026659793731E-001,  0.45634304122174590E-001,  0.00000000000000000E+000,  0.00000000000000000E+000,  0.82417931063390432E-001]
