# Data at [lat=  -5.57727434969463      , lon=   184.674947489650      , k=          72 , time step=        1000 ] 
mam4xx:
  function: calculate_ustar
input:
  fixed:
    ncol: [         4]
    beglt: [         1]
    endlt: [        11]
    index_season: [         1,         1,         1,         1,         1,         1,         1,         1,         1,         1,         1]
    fr_lnduse: [         0,         0,         0,         0,         0,         0,         1,         0,         0,         0,         0]
    unstable: [         1]
    zl: [  0.13304651089489907E+002]
    uustar: [  0.12901879149872647E+000]
    ribn: [ -0.39727170786113664E+000]
    z0: [  0.10000000000000000E+001,  0.10000000000000000E+001,  0.10000000000000000E+001,  0.10000000000000000E+001,  0.10000000000000000E+001,  0.25000000000000000E+000,  0.10000000000000001E+000,  0.50000000000000001E-002,  0.10000000000000000E-002,  0.29999999999999999E-001,  0.50000000000000003E-001,  0.50000000000000003E-001,  0.50000000000000003E-001,  0.10000000000000000E-002,  0.20000000000000000E-001,  0.10000000000000000E+001,  0.10000000000000000E+001,  0.10000000000000000E+001,  0.10000000000000000E+001,  0.10000000000000000E+001,  0.10000000000000000E+001,  0.10000000000000000E+001,  0.10000000000000000E+001,  0.10000000000000000E+001,  0.10000000000000000E+001,  0.10000000000000000E+001,  0.10000000000000000E+001,  0.10000000000000000E+001,  0.10000000000000000E+001,  0.10000000000000000E+001,  0.59999999999999995E-003,  0.59999999999999995E-003,  0.59999999999999995E-003,  0.59999999999999995E-003,  0.59999999999999995E-003,  0.20000000000000000E-002,  0.20000000000000000E-002,  0.20000000000000000E-002,  0.20000000000000000E-002,  0.20000000000000000E-002,  0.14999999999999999E+000,  0.10000000000000001E+000,  0.10000000000000001E+000,  0.10000000000000000E-002,  0.10000000000000000E-001,  0.10000000000000001E+000,  0.80000000000000002E-001,  0.20000000000000000E-001,  0.10000000000000000E-002,  0.29999999999999999E-001,  0.10000000000000001E+000,  0.80000000000000002E-001,  0.59999999999999998E-001,  0.40000000000000001E-001,  0.59999999999999998E-001]
