# Data at [lat=  -4.98879105856447      , lon=   28.0026147968828      , k=          72 , time step=         100 ] 
mam4xx:
  function: calculate_ustar_over_water
input:
  fixed:
    ncol: [         4]
    beglt: [         1]
    endlt: [        11]
    index_season: [         1,         1,         1,         1,         1,         1,         1,         1,         1,         1,         1]
    fr_lnduse: [         1,         1,         1,         1,         0,         1,         1,         1,         0,         0,         1]
    unstable: [         0]
    zl: [  0.12816427027976749E+002]
    uustar: [  0.31987810762594951E-001]
    ribn: [  0.20000000000000001E+000]
    diffk: [  0.14610000000000001E-004]
    n_land_type: [        11]
    lt_for_water: [         7]
    karman: [  0.40000000000000002E+000]
    grav: [  0.98100000000000005E+001]
    ustar: [  0.50849810604553819E-001,  0.40929596670567600E-001,  0.34483667412204856E-001,  0.50849810604553819E-001,  0.00000000000000000E+000,  0.50849810604553819E-001,  0.25721060419997808E-001,  0.27430713884208955E-001,  0.00000000000000000E+000,  0.00000000000000000E+000,  0.36863982242193359E-001]
    cvar: [  0.15681799295226020E+000,  0.10159963363338688E+000,  0.72118071924977281E-001,  0.15681799295226020E+000,  0.00000000000000000E+000,  0.15681799295226020E+000,  0.40123143494753100E-001,  0.45634304122174590E-001,  0.00000000000000000E+000,  0.00000000000000000E+000,  0.82417931063390432E-001]
    bycp: [  0.15681799295226020E+000,  0.10159963363338688E+000,  0.72118071924977281E-001,  0.15681799295226020E+000,  0.00000000000000000E+000,  0.15681799295226020E+000,  0.40123143494753100E-001,  0.45634304122174590E-001,  0.00000000000000000E+000,  0.00000000000000000E+000,  0.82417931063390432E-001]
