# Data at [lat=  -5.57727434969463      , lon=   184.674947489650      , k=          72 , time step=        1000 ] 
mam4xx:
  function: calculate_obukhov_length
input:
  fixed:
    ncol: [         4]
    beglt: [         1]
    endlt: [        11]
    fr_lnduse: [         0,         0,         0,         0,         0,         0,         1,         0,         0,         0,         0]
    unstable: [         1]
    tha: [  0.30142433753048988E+003]
    thg: [  0.30401742895125096E+003]
    ustar: [  0.00000000000000000E+000,  0.00000000000000000E+000,  0.00000000000000000E+000,  0.00000000000000000E+000,  0.00000000000000000E+000,  0.00000000000000000E+000,  0.65014988394681852E-001,  0.00000000000000000E+000,  0.00000000000000000E+000,  0.00000000000000000E+000,  0.00000000000000000E+000]
    cvar: [  0.00000000000000000E+000,  0.00000000000000000E+000,  0.00000000000000000E+000,  0.00000000000000000E+000,  0.00000000000000000E+000,  0.00000000000000000E+000,  0.30804146996236775E-001,  0.00000000000000000E+000,  0.00000000000000000E+000,  0.00000000000000000E+000,  0.00000000000000000E+000]
    va: [  0.16739870852083936E+001]
    bycp: [  0.00000000000000000E+000,  0.00000000000000000E+000,  0.00000000000000000E+000,  0.00000000000000000E+000,  0.00000000000000000E+000,  0.00000000000000000E+000,  0.37119697716952458E+001,  0.00000000000000000E+000,  0.00000000000000000E+000,  0.00000000000000000E+000,  0.00000000000000000E+000]
    ribn: [ -0.39727170786113664E+000]
