# Data at [lat=   61.1276754688582      , lon=   168.588403011378      , k=          72 , time step=         300 ] 
mam4xx:
  function: calculate_resistance_rclx
input:
  fixed:
    dt:    0.00
    ncol: [         4]
    beglt: [         1]
    endlt: [        11]
    index_season: [         4,         4,         4,         4,         4,         4,         4,         4,         4,         4,         4]
    fr_lnduse: [         1,         0,         1,         1,         1,         1,         1,         1,         0,         0,         1]
    heff: [  0.17241662082613558E+007,  0.11631735867356272E+013,  0.14108669620617442E+005]
    cts: [  0.31646797621003250E+005]
    rclo: [  0.10000000000000000E+037,  0.10000000000000000E+037,  0.10000000000000000E+037,  0.10000000000000000E+037,  0.10000000000000000E+037,  0.10000000000000000E+004,  0.40000000000000000E+003,  0.10000000000000000E+004,  0.10000000000000000E+004,  0.10000000000000000E+004,  0.10000000000000000E+004,  0.40000000000000000E+003,  0.40000000000000000E+003,  0.10000000000000000E+004,  0.50000000000000000E+003,  0.10000000000000000E+004,  0.40000000000000000E+003,  0.40000000000000000E+003,  0.40000000000000000E+003,  0.50000000000000000E+003,  0.10000000000000000E+004,  0.10000000000000000E+004,  0.10000000000000000E+004,  0.15000000000000000E+004,  0.15000000000000000E+004,  0.10000000000000000E+004,  0.60000000000000000E+003,  0.60000000000000000E+003,  0.60000000000000000E+003,  0.70000000000000000E+003,  0.10000000000000000E+037,  0.10000000000000000E+037,  0.10000000000000000E+037,  0.10000000000000000E+037,  0.10000000000000000E+037,  0.10000000000000000E+037,  0.10000000000000000E+037,  0.10000000000000000E+037,  0.10000000000000000E+037,  0.10000000000000000E+037,  0.10000000000000000E+004,  0.40000000000000000E+003,  0.80000000000000000E+003,  0.80000000000000000E+003,  0.60000000000000000E+003,  0.10000000000000000E+004,  0.40000000000000000E+003,  0.60000000000000000E+003,  0.10000000000000000E+004,  0.80000000000000000E+003,  0.10000000000000000E+004,  0.40000000000000000E+003,  0.60000000000000000E+003,  0.80000000000000000E+003,  0.80000000000000000E+003]
    rcls: [  0.10000000000000000E+037,  0.10000000000000000E+037,  0.10000000000000000E+037,  0.10000000000000000E+037,  0.10000000000000000E+037,  0.20000000000000000E+004,  0.90000000000000000E+004,  0.10000000000000000E+037,  0.10000000000000000E+037,  0.40000000000000000E+004,  0.20000000000000000E+004,  0.90000000000000000E+004,  0.90000000000000000E+004,  0.10000000000000000E+037,  0.40000000000000000E+004,  0.20000000000000000E+004,  0.90000000000000000E+004,  0.90000000000000000E+004,  0.90000000000000000E+004,  0.40000000000000000E+004,  0.20000000000000000E+004,  0.20000000000000000E+004,  0.30000000000000000E+004,  0.20000000000000000E+003,  0.20000000000000000E+004,  0.20000000000000000E+004,  0.40000000000000000E+004,  0.60000000000000000E+004,  0.40000000000000000E+003,  0.30000000000000000E+004,  0.10000000000000000E+037,  0.10000000000000000E+037,  0.10000000000000000E+037,  0.10000000000000000E+037,  0.10000000000000000E+037,  0.10000000000000000E+037,  0.10000000000000000E+037,  0.10000000000000000E+037,  0.10000000000000000E+037,  0.10000000000000000E+037,  0.25000000000000000E+004,  0.90000000000000000E+004,  0.90000000000000000E+004,  0.90000000000000000E+004,  0.40000000000000000E+004,  0.20000000000000000E+004,  0.90000000000000000E+004,  0.90000000000000000E+004,  0.10000000000000000E+037,  0.40000000000000000E+004,  0.40000000000000000E+004,  0.90000000000000000E+004,  0.90000000000000000E+004,  0.90000000000000000E+004,  0.80000000000000000E+004]
    foxd: [  0.10000000000000000E+001,  0.99999999999999994E-036,  0.99999999999999994E-036]
