# Data at [lat=   61.1276754688582      , lon=   168.588403011378      , k=          72 , time step=         300 ] 
mam4xx:
  function: calculate_obukhov_length
input:
  fixed:
    ncol: [         4]
    beglt: [         1]
    endlt: [        11]
    fr_lnduse: [         1,         0,         1,         1,         1,         1,         1,         1,         0,         0,         1]
    unstable: [         1]
    tha: [  0.26353896668615374E+003]
    thg: [  0.26829647184853508E+003]
    ustar: [  0.71828926741295929E+000,  0.45135372802784253E-022,  0.36228902786996409E+000,  0.71828926741295929E+000,  0.71828926741295929E+000,  0.71828926741295929E+000,  0.33291363710060301E+000,  0.37767425579814973E+000,  0.73091610081688663E-015,  0.27505955735996310E-013,  0.47237997047133484E+000]
    cvar: [  0.16380590912824289E+000,  0.00000000000000000E+000,  0.42782260326089769E-001,  0.16380590912824289E+000,  0.16380590912824289E+000,  0.16380590912824289E+000,  0.36608406547943916E-001,  0.46207931928295559E-001,  0.00000000000000000E+000,  0.00000000000000000E+000,  0.70661513268144335E-001]
    va: [  0.74843079256881877E+001]
    bycp: [  0.16157044432493081E+000,  0.00000000000000000E+000,  0.34852203606164095E+000,  0.16157044432493081E+000,  0.16157044432493081E+000,  0.16157044432493081E+000,  0.56138189442291742E+000,  0.28748875105284166E+000,  0.00000000000000000E+000,  0.00000000000000000E+000,  0.15032757878176070E+000]
    ribn: [ -0.35697676249964824E-001]
