# Data at [lat=   61.1276754688582      , lon=   168.588403011378      , k=          72 , time step=         300 ] 
mam4xx:
  function: calculate_ustar
input:
  fixed:
    ncol: [         4]
    beglt: [         1]
    endlt: [        11]
    index_season: [         4,         4,         4,         4,         4,         4,         4,         4,         4,         4,         4]
    fr_lnduse: [         1,         0,         1,         1,         1,         1,         1,         1,         0,         0,         1]
    unstable: [         1]
    zl: [  0.11495025186520767E+002]
    uustar: [  0.29335023410482277E+001]
    ribn: [ -0.35697676249964824E-001]
    z0: [  0.10000000000000000E+001,  0.10000000000000000E+001,  0.10000000000000000E+001,  0.10000000000000000E+001,  0.10000000000000000E+001,  0.25000000000000000E+000,  0.10000000000000001E+000,  0.50000000000000001E-002,  0.10000000000000000E-002,  0.29999999999999999E-001,  0.50000000000000003E-001,  0.50000000000000003E-001,  0.50000000000000003E-001,  0.10000000000000000E-002,  0.20000000000000000E-001,  0.10000000000000000E+001,  0.10000000000000000E+001,  0.10000000000000000E+001,  0.10000000000000000E+001,  0.10000000000000000E+001,  0.10000000000000000E+001,  0.10000000000000000E+001,  0.10000000000000000E+001,  0.10000000000000000E+001,  0.10000000000000000E+001,  0.10000000000000000E+001,  0.10000000000000000E+001,  0.10000000000000000E+001,  0.10000000000000000E+001,  0.10000000000000000E+001,  0.59999999999999995E-003,  0.59999999999999995E-003,  0.59999999999999995E-003,  0.59999999999999995E-003,  0.59999999999999995E-003,  0.20000000000000000E-002,  0.20000000000000000E-002,  0.20000000000000000E-002,  0.20000000000000000E-002,  0.20000000000000000E-002,  0.14999999999999999E+000,  0.10000000000000001E+000,  0.10000000000000001E+000,  0.10000000000000000E-002,  0.10000000000000000E-001,  0.10000000000000001E+000,  0.80000000000000002E-001,  0.20000000000000000E-001,  0.10000000000000000E-002,  0.29999999999999999E-001,  0.10000000000000001E+000,  0.80000000000000002E-001,  0.59999999999999998E-001,  0.40000000000000001E-001,  0.59999999999999998E-001]
