# Data at [lat=  -4.98879105856447      , lon=   28.0026147968828      , k=          72 , time step=         300 ] 
mam4xx:
  function: calculate_ustar_over_water
input:
  fixed:
    ncol: [         4]
    beglt: [         1]
    endlt: [        11]
    index_season: [         1,         1,         1,         1,         1,         1,         1,         1,         1,         1,         1]
    fr_lnduse: [         1,         1,         1,         1,         0,         1,         1,         1,         0,         0,         1]
    unstable: [         1]
    zl: [  0.13505708784823883E+002]
    uustar: [  0.33955944153772161E+000]
    ribn: [ -0.12100418490932332E+001]
    diffk: [  0.14610000000000001E-004]
    n_land_type: [        11]
    lt_for_water: [         7]
    karman: [  0.40000000000000002E+000]
    grav: [  0.98100000000000005E+001]
    ustar: [  0.28690672541206141E+000,  0.23672974686638734E+000,  0.19649660852535877E+000,  0.28690672541206141E+000,  0.00000000000000000E+000,  0.28690672541206141E+000,  0.13072113030957741E+000,  0.14407491525175525E+000,  0.00000000000000000E+000,  0.00000000000000000E+000,  0.21221118413015858E+000]
    cvar: [  0.15366220428897573E+000,  0.10026553245438333E+000,  0.71443309895553656E-001,  0.15366220428897573E+000,  0.00000000000000000E+000,  0.15366220428897573E+000,  0.39913414346449690E-001,  0.45363197545342661E-001,  0.00000000000000000E+000,  0.00000000000000000E+000,  0.81537843485952236E-001]
    bycp: [  0.15366220428897573E+000,  0.10026553245438333E+000,  0.71443309895553656E-001,  0.15366220428897573E+000,  0.00000000000000000E+000,  0.15366220428897573E+000,  0.39913414346449690E-001,  0.45363197545342661E-001,  0.00000000000000000E+000,  0.00000000000000000E+000,  0.81537843485952236E-001]
