# Data at [lat=   61.1276754688582      , lon=   168.588403011378      , k=          72 , time step=         300 ] 
mam4xx:
  function: calculate_aerodynamic_and_quasilaminar_resistance
input:
  fixed:
    ncol: [         4]
    beglt: [         1]
    endlt: [        11]
    fr_lnduse: [         1,         0,         1,         1,         1,         1,         1,         1,         0,         0,         1]
    zl: [  0.11495025186520767E+002]
    obklen: [ -0.23139978343587060E+002,  0.92429618322636710E-013, -0.91155626227535933E+002, -0.23139978343587060E+002, -0.23139978343587060E+002, -0.23139978343587060E+002, -0.10836640509416119E+003, -0.83786226718459631E+002,  0.59410126694683030E-018,  0.00000000000000000E+000, -0.53510746273298395E+002]
    ustar: [  0.71828926741295929E+000,  0.45135372802784253E-022,  0.36228902786996409E+000,  0.71828926741295929E+000,  0.71828926741295929E+000,  0.71828926741295929E+000,  0.33291363710060301E+000,  0.37767425579814973E+000,  0.73091610081688663E-015,  0.27505955735996310E-013,  0.47237997047133484E+000]
    cvar: [  0.16380590912824289E+000,  0.00000000000000000E+000,  0.42782260326089769E-001,  0.16380590912824289E+000,  0.16380590912824289E+000,  0.16380590912824289E+000,  0.36608406547943916E-001,  0.46207931928295559E-001,  0.00000000000000000E+000,  0.00000000000000000E+000,  0.70661513268144335E-001]
