# Data at [lat=  -4.98879105856447      , lon=   28.0026147968828      , k=          72 , time step=         300 ] 
mam4xx:
  function: drydep_xactive
input:
  fixed:
    dt:    0.00
    lchnk: [       154]
    ncol: [         4]
    latndx: [        44]
    ncdate: [     10101]
    sfc_temp: [  0.31100904810727229E+003]
    air_temp: [  0.30501449692409727E+003]
    tv: [  0.30787323192539282E+003]
    pressure_sfc: [  0.91883197644875603E+005]
    pressure_10m: [  0.91745045697526148E+005]
    spec_hum: [  0.93724561623275346E-002]
    wind_speed: [  0.14367391108154526E+001]
    rain: [  0.78980223880713669E-008]
    snow: [  0.00000000000000000E+000]
    solar_flux: [  0.77632115529179760E+003]
    mmr: [  0.74017659720283587E-007,  0.15095694152333137E-008,  0.14370838102006040E-012,  0.48825201420266471E-009,  0.94288015391973876E-011,  0.56964121745332076E-009,  0.15988276771005057E-008,  0.97840540711996676E-009,  0.89606105019228230E-009,  0.11332327337790670E-009,  0.15945412635011166E-009,  0.25808323530264268E-009,  0.43940468736615364E-010,  0.60195676372564149E+009,  0.46860067311854101E-011,  0.11671207564593005E-011,  0.12831712918014743E-013,  0.21581811577464284E-014,  0.42612013366604678E+008,  0.39959127643716413E-008,  0.20999007631765785E-008,  0.12921653976645239E-009,  0.97702034086079210E-011,  0.82635989277207070E-010,  0.65999472415716196E-010,  0.20576958657148751E-011,  0.68502768104129937E+006,  0.76955212119638930E-009,  0.96534720080077261E-010,  0.47905437697330466E-015,  0.53662023752795863E+009]
    rain_threshold: [  0.99999999999999995E-007]
    temp_highbound: [  0.31314999999999998E+003]
    ric: [  0.20000000000000001E+000]
    heff: [  0.31138432794480996E+005,  0.42992261164987091E+011,  0.87454278667321046E+003]
