# Data at [lat=   61.1276754688582      , lon=   168.588403011378      , k=          72 , time step=         300 ] 
mam4xx:
  function: drydep_xactive
input:
  fixed:
    dt:    0.00
    lchnk: [       121]
    ncol: [         4]
    latndx: [        93]
    ncdate: [     10101]
    sfc_temp: [  0.26569536303753989E+003]
    air_temp: [  0.26087173391455616E+003]
    tv: [  0.26122823243452757E+003]
    pressure_sfc: [  0.96931905854732438E+005]
    pressure_10m: [  0.96786162869101026E+005]
    spec_hum: [  0.13665662991613672E-002]
    wind_speed: [  0.74843079256881877E+001]
    rain: [  0.34982786647614281E-007]
    snow: [  0.28049198638665552E-001]
    solar_flux: [  0.00000000000000000E+000]
    mmr: [  0.63187817505087104E-007,  0.49436514519858275E-012,  0.15105147989873498E-014,  0.23929747409436772E-010,  0.11960602803196050E-010,  0.35304957297606780E-011,  0.12045089837855326E-009,  0.11160900682605009E-011,  0.21814089340451871E-010,  0.33873727565054036E-012,  0.20594323836341549E-012,  0.55712505164085336E-010,  0.56970495882897277E-011,  0.14664415316832155E+008,  0.21700750556507433E-011,  0.29121106173107346E-012,  0.50697680030767010E-013,  0.47971767563171786E-014,  0.96026713535746243E+007,  0.16745380068208482E-011,  0.53666597458085944E-009,  0.16116524678116271E-011,  0.23752591180392459E-013,  0.75082777632032068E-013,  0.55679656157221753E-012,  0.24386554142077010E-013,  0.47343183453059297E+005,  0.59195738358539685E-011,  0.19750198108558110E-011,  0.15118096336947842E-015,  0.43009814234821172E+007]
    rain_threshold: [  0.99999999999999995E-007]
    temp_highbound: [  0.31314999999999998E+003]
    ric: [  0.20000000000000001E+000]
    heff: [  0.17241662082613558E+007,  0.11631735867356272E+013,  0.14108669620617442E+005]
