# Data at [lat=   22.5694102511647      , lon=   318.781827736837      , k=          51 , time step=         355 ] 
mam4xx:
  function: table_photo
input:
  fixed:
    dt:    0.00
    pmid: [0.6949830380E+005]
    pdel: [0.3530697329E+004]
    temper: [0.2764186747E+003]
    col_dens: [0.6303476666E+019,0.3094836910E+025]
    zen_angle: [0.1350784017E+001]
    srf_alb: [0.6450720099E+000]
    lwc: [0.1035073817E-030]
    clouds: [0.0000000000E+000]
    esfact: [0.1033531183E+001]
    ncol: [         4]
