# Data at [lat=   39.0553303768561      , lon=   262.904774388088      , k=          30 , time step=        1416 ] 
mam4xx:
  function: lin_strat_chem_solve
input:
  fixed:
    dt:    0.00
    ncol: [         4]
    lchnk: [       137]
    o3col: [  0.58850750114314568E+019,  0.63815901477154294E+019,  0.67220167716001413E+019,  0.75447208670380503E+019]
    temp: [  0.20889412799837891E+003,  0.19638891499728501E+003,  0.21504211323339763E+003,  0.21333456770882833E+003]
    sza: [  0.25887769514243679E+001,  0.10621500629224559E+000,  0.15823514109411101E+001,  0.18076627350452619E+001]
    pmid: [  0.13368217993210610E+005,  0.13368217993210610E+005,  0.13368217993210610E+005,  0.13368217993210610E+005]
    delta_t: [  0.36000000000000000E+004]
    rlats: [  0.68518123468168590E+000, -0.97846918415695358E-001,  0.68518123468168590E+000,  0.14321972701768837E+001]
    ltrop: [        26,        26,        35,        35]
    linoz_o3_clim: [  0.48809603534912554E-006,  0.55123248531600097E-007,  0.48809603534912554E-006,  0.10808871073539493E-005]
    linoz_t_clim: [  0.21560535032000743E+003,  0.20429288188067812E+003,  0.21560535032000743E+003,  0.21498953502743674E+003]
    linoz_o3col_clim: [  0.28130043702752585E+003,  0.23380863866553707E+003,  0.28130043702752585E+003,  0.31040944935150986E+003]
    linoz_PmL_clim: [ -0.43089220609314116E-015,  0.11521101550324015E-013, -0.43089220609314116E-015, -0.35496569712382666E-014]
    linoz_dPmL_dO3: [ -0.10765689622384893E-007, -0.56751532315061621E-007, -0.10765689622384893E-007, -0.19949423032360228E-008]
    linoz_dPmL_dT: [ -0.10514113917880482E-015,  0.43408699530707591E-015, -0.10514113917880482E-015, -0.43173764323041757E-016]
    linoz_dPmL_dO3col: [ -0.62543135014422522E-017, -0.12120002340987880E-015, -0.62543135014422522E-017,  0.14810185289957854E-017]
    linoz_cariolle_psc: [  0.28506880653600129E-007,  0.28506880653600129E-007,  0.28506880653600129E-007,  0.28506880653600129E-007]
    o3_vmr: [  0.20606432494242338E-006,  0.45019387008389876E-007,  0.47549984156589630E-006,  0.93810907620673455E-006]
    pcols: [         4]
    pver: [        72]
    chlorine_loading: [  0.32864836736409750E+001]
    do_lin_stratchem: [         1]
    radians_to_degrees: [  0.57295779513082323E+002]
    chlorine_loading_bgnd: [  0.00000000000000000E+000]
    psc_T: [  0.19750000000000000E+003]
