# Data at [lat=   39.0553303768561      , lon=   262.904774388088      , k=          30 , time step=        1412 ] 
mam4xx:
  function: lin_strat_chem_solve
input:
  fixed:
    dt:    0.00
    ncol: [         4]
    lchnk: [       137]
    o3col: [  0.59785927054444472E+019,  0.63876254354912266E+019,  0.66702255235695186E+019,  0.75583129834094275E+019]
    temp: [  0.20875035408905725E+003,  0.19627373253199443E+003,  0.21476768879996740E+003,  0.21329138507818743E+003]
    sza: [  0.19865906109852922E+001,  0.11370766696298216E+001,  0.91463610329521494E+000,  0.16745759550002715E+001]
    pmid: [  0.13368217993210610E+005,  0.13368217993210610E+005,  0.13368217993210610E+005,  0.13368217993210610E+005]
    delta_t: [  0.36000000000000000E+004]
    rlats: [  0.68518123468168590E+000, -0.97846918415695358E-001,  0.68518123468168590E+000,  0.14321972701768837E+001]
    ltrop: [        35,        26,        35,        35]
    linoz_o3_clim: [  0.48792057110331303E-006,  0.55152794942632247E-007,  0.48792057110331303E-006,  0.10802589453259773E-005]
    linoz_t_clim: [  0.21560875472429348E+003,  0.20429224645500790E+003,  0.21560875472429348E+003,  0.21494704780329877E+003]
    linoz_o3col_clim: [  0.28127771723899241E+003,  0.23379931375631014E+003,  0.28127771723899241E+003,  0.31029722638439819E+003]
    linoz_PmL_clim: [ -0.43244599070652433E-015,  0.11520172729848736E-013, -0.43244599070652433E-015, -0.35169778896915011E-014]
    linoz_dPmL_dO3: [ -0.10757116465251414E-007, -0.56725457536510302E-007, -0.10757116465251414E-007, -0.19748343048350167E-008]
    linoz_dPmL_dT: [ -0.10507793985899740E-015,  0.43399530748965129E-015, -0.10507793985899740E-015, -0.42742895039461998E-016]
    linoz_dPmL_dO3col: [ -0.62351069255438370E-017, -0.12120064954849853E-015, -0.62351069255438370E-017,  0.14652623904815101E-017]
    linoz_cariolle_psc: [  0.28506880653600129E-007,  0.28506880653600129E-007,  0.28506880653600129E-007,  0.28506880653600129E-007]
    o3_vmr: [  0.22473160429416880E-006,  0.45704171785455024E-007,  0.44290348302611330E-006,  0.94788043279368344E-006]
    pcols: [         4]
    pver: [        72]
    chlorine_loading: [  0.32864836736409750E+001]
    do_lin_stratchem: [         1]
    radians_to_degrees: [  0.57295779513082323E+002]
    chlorine_loading_bgnd: [  0.00000000000000000E+000]
    psc_T: [  0.19750000000000000E+003]
