# Data at [lat=   39.0553303768561      , lon=   262.904774388088      , k=          30 , time step=        1405 ] 
mam4xx:
  function: lin_strat_chem_solve
input:
  fixed:
    dt:    0.00
    ncol: [         4]
    lchnk: [       137]
    o3col: [  0.61233330469891983E+019,  0.64163256103859118E+019,  0.66017566248825119E+019,  0.75858176348945469E+019]
    temp: [  0.20831366014905956E+003,  0.19640327100226290E+003,  0.21415662945848530E+003,  0.21315559967311418E+003]
    sza: [  0.84141451747777951E+000,  0.28509723683188195E+001,  0.15373556188063418E+001,  0.15932495936718085E+001]
    pmid: [  0.13368217993210610E+005,  0.13368217993210610E+005,  0.13368217993210610E+005,  0.13368217993210610E+005]
    delta_t: [  0.36000000000000000E+004]
    rlats: [  0.68518123468168590E+000, -0.97846918415695358E-001,  0.68518123468168590E+000,  0.14321972701768837E+001]
    ltrop: [        35,        26,        35,        35]
    linoz_o3_clim: [  0.48761350867298788E-006,  0.55204501161964320E-007,  0.48761350867298788E-006,  0.10791596617764771E-005]
    linoz_t_clim: [  0.21561471243179699E+003,  0.20429113446008455E+003,  0.21561471243179699E+003,  0.21487269516102029E+003]
    linoz_o3col_clim: [  0.28123795760903920E+003,  0.23378299516515492E+003,  0.28123795760903920E+003,  0.31010083619185480E+003]
    linoz_PmL_clim: [ -0.43516511378130168E-015,  0.11518547294016181E-013, -0.43516511378130168E-015, -0.34597894969561280E-014]
    linoz_dPmL_dO3: [ -0.10742113440260344E-007, -0.56679826674022715E-007, -0.10742113440260344E-007, -0.19396453076156999E-008]
    linoz_dPmL_dT: [ -0.10496734104927928E-015,  0.43383485380907780E-015, -0.10496734104927928E-015, -0.41988873792821217E-016]
    linoz_dPmL_dO3col: [ -0.62014954177048413E-017, -0.12120174529108359E-015, -0.62014954177048413E-017,  0.14376891480677718E-017]
    linoz_cariolle_psc: [  0.28506880653600129E-007,  0.28506880653600129E-007,  0.28506880653600129E-007,  0.28506880653600129E-007]
    o3_vmr: [  0.26887078158566343E-006,  0.46900368423559528E-007,  0.39570121731405769E-006,  0.97307801805000410E-006]
    pcols: [         4]
    pver: [        72]
    chlorine_loading: [  0.32864836736409750E+001]
    do_lin_stratchem: [         1]
    radians_to_degrees: [  0.57295779513082323E+002]
    chlorine_loading_bgnd: [  0.00000000000000000E+000]
    psc_T: [  0.19750000000000000E+003]
