# Data at [lat=   39.0553303768561      , lon=   262.904774388088      , k=          30 , time step=        1402 ] 
mam4xx:
  function: lin_strat_chem_solve
input:
  fixed:
    dt:    0.00
    ncol: [         4]
    lchnk: [       137]
    o3col: [  0.62190696022950154E+019,  0.64189754064740106E+019,  0.65675845357311672E+019,  0.76018585266973460E+019]
    temp: [  0.20831781586826082E+003,  0.19653444631667256E+003,  0.21401014542123983E+003,  0.21313768153541093E+003]
    sza: [  0.10103548565778002E+001,  0.24760464294414408E+001,  0.21389270449821152E+001,  0.16772956146614444E+001]
    pmid: [  0.13368217993210610E+005,  0.13368217993210610E+005,  0.13368217993210610E+005,  0.13368217993210610E+005]
    delta_t: [  0.36000000000000000E+004]
    rlats: [  0.68518123468168590E+000, -0.97846918415695358E-001,  0.68518123468168590E+000,  0.14321972701768837E+001]
    ltrop: [        35,        26,        35,        35]
    linoz_o3_clim: [  0.48748191048859784E-006,  0.55226660970243590E-007,  0.48748191048859784E-006,  0.10786885402553886E-005]
    linoz_t_clim: [  0.21561726573501210E+003,  0.20429065789083182E+003,  0.21561726573501210E+003,  0.21484082974290939E+003]
    linoz_o3col_clim: [  0.28122091776763506E+003,  0.23377600148323313E+003,  0.28122091776763506E+003,  0.31001666896650147E+003]
    linoz_PmL_clim: [ -0.43633045224161034E-015,  0.11517850678659561E-013, -0.43633045224161034E-015, -0.34352801857903480E-014]
    linoz_dPmL_dO3: [ -0.10735683572408740E-007, -0.56660270590104666E-007, -0.10735683572408740E-007, -0.19245643088114347E-008]
    linoz_dPmL_dT: [ -0.10491994155941269E-015,  0.43376608794599312E-015, -0.10491994155941269E-015, -0.41665721830061165E-016]
    linoz_dPmL_dO3col: [ -0.61870904857776745E-017, -0.12120221489504851E-015, -0.61870904857776745E-017,  0.14258720441793138E-017]
    linoz_cariolle_psc: [  0.28506880653600129E-007,  0.28506880653600129E-007,  0.28506880653600129E-007,  0.28506880653600129E-007]
    o3_vmr: [  0.29129498034917067E-006,  0.47524397052478125E-007,  0.37426839621046808E-006,  0.98864344159216632E-006]
    pcols: [         4]
    pver: [        72]
    chlorine_loading: [  0.32864836736409750E+001]
    do_lin_stratchem: [         1]
    radians_to_degrees: [  0.57295779513082323E+002]
    chlorine_loading_bgnd: [  0.00000000000000000E+000]
    psc_T: [  0.19750000000000000E+003]
