# Data at [lat=   39.0553303768561      , lon=   262.904774388088      , k=          30 , time step=        1401 ] 
mam4xx:
  function: lin_strat_chem_solve
input:
  fixed:
    dt:    0.00
    ncol: [         4]
    lchnk: [       137]
    o3col: [  0.62474079637310915E+019,  0.64108996067224003E+019,  0.65506582830258043E+019,  0.76105899470272584E+019]
    temp: [  0.20829387470418217E+003,  0.19656741121392375E+003,  0.21396448912056178E+003,  0.21314491940705005E+003]
    sza: [  0.11654430345174134E+001,  0.22277763177774408E+001,  0.23239805382489460E+001,  0.17132337880435862E+001]
    pmid: [  0.13368217993210610E+005,  0.13368217993210610E+005,  0.13368217993210610E+005,  0.13368217993210610E+005]
    delta_t: [  0.36000000000000000E+004]
    rlats: [  0.68518123468168590E+000, -0.97846918415695358E-001,  0.68518123468168590E+000,  0.14321972701768837E+001]
    ltrop: [        35,        25,        35,        35]
    linoz_o3_clim: [  0.48743804442717537E-006,  0.55234047572996469E-007,  0.48743804442717537E-006,  0.10785314997485052E-005]
    linoz_t_clim: [  0.21561811683608300E+003,  0.20429049903441438E+003,  0.21561811683608300E+003,  0.21483020793688232E+003]
    linoz_o3col_clim: [  0.28121523782050571E+003,  0.23377367025592804E+003,  0.28121523782050571E+003,  0.30998861322474318E+003]
    linoz_PmL_clim: [ -0.43671889839468485E-015,  0.11517618473540902E-013, -0.43671889839468485E-015, -0.34271104154093625E-014]
    linoz_dPmL_dO3: [ -0.10733540283126868E-007, -0.56653751895471389E-007, -0.10733540283126868E-007, -0.19195373092146941E-008]
    linoz_dPmL_dT: [ -0.10490414172947188E-015,  0.43374316599165298E-015, -0.10490414172947188E-015, -0.41558004509241458E-016]
    linoz_dPmL_dO3col: [ -0.61822888418064245E-017, -0.12120237142970332E-015, -0.61822888418064245E-017,  0.14219330095534965E-017]
    linoz_cariolle_psc: [  0.28506880653600129E-007,  0.28506880653600129E-007,  0.28506880653600129E-007,  0.28506880653600129E-007]
    o3_vmr: [  0.29850981245128465E-006,  0.47710995843107278E-007,  0.36754011905336104E-006,  0.99446034090325210E-006]
    pcols: [         4]
    pver: [        72]
    chlorine_loading: [  0.32864836736409750E+001]
    do_lin_stratchem: [         1]
    radians_to_degrees: [  0.57295779513082323E+002]
    chlorine_loading_bgnd: [  0.00000000000000000E+000]
    psc_T: [  0.19750000000000000E+003]
