# Data at [lat=   39.0553303768561      , lon=   262.904774388088      , k=          30 , time step=        1414 ] 
mam4xx:
  function: lin_strat_chem_solve
input:
  fixed:
    dt:    0.00
    ncol: [         4]
    lchnk: [       137]
    o3col: [  0.59333113636403732E+019,  0.63890924044828518E+019,  0.67096746533333166E+019,  0.75506188434009876E+019]
    temp: [  0.20885166573810167E+003,  0.19633265819710545E+003,  0.21502209273915540E+003,  0.21331225243549611E+003]
    sza: [  0.23615013612496361E+001,  0.61877589301163904E+000,  0.12033089526454170E+001,  0.17455485181703074E+001]
    pmid: [  0.13368217993210610E+005,  0.13368217993210610E+005,  0.13368217993210610E+005,  0.13368217993210610E+005]
    delta_t: [  0.36000000000000000E+004]
    rlats: [  0.68518123468168590E+000, -0.97846918415695358E-001,  0.68518123468168590E+000,  0.14321972701768837E+001]
    ltrop: [        26,        26,        35,        35]
    linoz_o3_clim: [  0.48800830322615809E-006,  0.55138021737126495E-007,  0.48800830322615809E-006,  0.10805730263397439E-005]
    linoz_t_clim: [  0.21560705252215163E+003,  0.20429256416784276E+003,  0.21560705252215163E+003,  0.21496829141535292E+003]
    linoz_o3col_clim: [  0.28128907713325117E+003,  0.23380397621092035E+003,  0.28128907713325117E+003,  0.31035333786791483E+003]
    linoz_PmL_clim: [ -0.43166909840037545E-015,  0.11520637140086049E-013, -0.43166909840037545E-015, -0.35333174304534708E-014]
    linoz_dPmL_dO3: [ -0.10761403043815159E-007, -0.56738494925776856E-007, -0.10761403043815159E-007, -0.19848883040284974E-008]
    linoz_dPmL_dT: [ -0.10510953951887903E-015,  0.43404115139833167E-015, -0.10510953951887903E-015, -0.42958329681101399E-016]
    linoz_dPmL_dO3col: [ -0.62447102134863362E-017, -0.12120033647918888E-015, -0.62447102134863362E-017,  0.14731404597331451E-017]
    linoz_cariolle_psc: [  0.28506880653600129E-007,  0.28506880653600129E-007,  0.28506880653600129E-007,  0.28506880653600129E-007]
    o3_vmr: [  0.21477774087348902E-006,  0.45369218197048210E-007,  0.45800250246748714E-006,  0.94253527466240341E-006]
    pcols: [         4]
    pver: [        72]
    chlorine_loading: [  0.32864836736409750E+001]
    do_lin_stratchem: [         1]
    radians_to_degrees: [  0.57295779513082323E+002]
    chlorine_loading_bgnd: [  0.00000000000000000E+000]
    psc_T: [  0.19750000000000000E+003]
