# Data at [lat=   39.0553303768561      , lon=   262.904774388088      , k=          30 , time step=        1411 ] 
mam4xx:
  function: lin_strat_chem_solve
input:
  fixed:
    dt:    0.00
    ncol: [         4]
    lchnk: [       137]
    o3col: [  0.59971694114992814E+019,  0.63858074029196401E+019,  0.66495490970276076E+019,  0.75610073014134753E+019]
    temp: [  0.20866650096212976E+003,  0.19625731832186588E+003,  0.21463749906583735E+003,  0.21326109084249185E+003]
    sza: [  0.17848891391348365E+001,  0.13958021237598417E+001,  0.83979070607545458E+000,  0.16417305298205118E+001]
    pmid: [  0.13368217993210610E+005,  0.13368217993210610E+005,  0.13368217993210610E+005,  0.13368217993210610E+005]
    delta_t: [  0.36000000000000000E+004]
    rlats: [  0.68518123468168590E+000, -0.97846918415695358E-001,  0.68518123468168590E+000,  0.14321972701768837E+001]
    ltrop: [        35,        26,        35,        35]
    linoz_o3_clim: [  0.48787670504176795E-006,  0.55160181545405779E-007,  0.48787670504176795E-006,  0.10801019048186552E-005]
    linoz_t_clim: [  0.21560960582536674E+003,  0.20429208759859003E+003,  0.21560960582536674E+003,  0.21493642599724205E+003]
    linoz_o3col_clim: [  0.28127203729184720E+003,  0.23379698252899857E+003,  0.28127203729184720E+003,  0.31026917064256151E+003]
    linoz_PmL_clim: [ -0.43283443686068416E-015,  0.11519940524729428E-013, -0.43283443686068416E-015, -0.35088081192876900E-014]
    linoz_dPmL_dO3: [ -0.10754973175963555E-007, -0.56718938841858807E-007, -0.10754973175963555E-007, -0.19698073052242314E-008]
    linoz_dPmL_dT: [ -0.10506214002901246E-015,  0.43397238553524695E-015, -0.10506214002901246E-015, -0.42635177718341335E-016]
    linoz_dPmL_dO3col: [ -0.62303052815591709E-017, -0.12120080608315375E-015, -0.62303052815591709E-017,  0.14613233558446871E-017]
    linoz_cariolle_psc: [  0.28506880653600129E-007,  0.28506880653600129E-007,  0.28506880653600129E-007,  0.28506880653600129E-007]
    o3_vmr: [  0.23010520611590946E-006,  0.45865747288304807E-007,  0.43611588242326729E-006,  0.95056930894168189E-006]
    pcols: [         4]
    pver: [        72]
    chlorine_loading: [  0.32864836736409750E+001]
    do_lin_stratchem: [         1]
    radians_to_degrees: [  0.57295779513082323E+002]
    chlorine_loading_bgnd: [  0.00000000000000000E+000]
    psc_T: [  0.19750000000000000E+003]
