# Data at [lat=   39.0553303768561      , lon=   262.904774388088      , k=          30 , time step=        1408 ] 
mam4xx:
  function: lin_strat_chem_solve
input:
  fixed:
    dt:    0.00
    ncol: [         4]
    lchnk: [       137]
    o3col: [  0.60584752089170442E+019,  0.64076807347392307E+019,  0.66246715864167731E+019,  0.75701671512977449E+019]
    temp: [  0.20843848444503286E+003,  0.19629992874358732E+003,  0.21438368611653519E+003,  0.21317402241179684E+003]
    sza: [  0.12045274277437292E+001,  0.21653794632427918E+001,  0.10089632990416006E+001,  0.15787636184843057E+001]
    pmid: [  0.13368217993210610E+005,  0.13368217993210610E+005,  0.13368217993210610E+005,  0.13368217993210610E+005]
    delta_t: [  0.36000000000000000E+004]
    rlats: [  0.68518123468168590E+000, -0.97846918415695358E-001,  0.68518123468168590E+000,  0.14321972701768837E+001]
    ltrop: [        35,        26,        35,        35]
    linoz_o3_clim: [  0.48774510685737791E-006,  0.55182341353685043E-007,  0.48774510685737791E-006,  0.10796307832975660E-005]
    linoz_t_clim: [  0.21561215912858191E+003,  0.20429161102933730E+003,  0.21561215912858191E+003,  0.21490456057913113E+003]
    linoz_o3col_clim: [  0.28125499745044317E+003,  0.23378998884707676E+003,  0.28125499745044317E+003,  0.31018500341720812E+003]
    linoz_PmL_clim: [ -0.43399977532099292E-015,  0.11519243909372805E-013, -0.43399977532099292E-015, -0.34842988081219100E-014]
    linoz_dPmL_dO3: [ -0.10748543308111951E-007, -0.56699382757940751E-007, -0.10748543308111951E-007, -0.19547263064199659E-008]
    linoz_dPmL_dT: [ -0.10501474053914587E-015,  0.43390361967216237E-015, -0.10501474053914587E-015, -0.42312025755581282E-016]
    linoz_dPmL_dO3col: [ -0.62159003496320065E-017, -0.12120127568711867E-015, -0.62159003496320065E-017,  0.14495062519562297E-017]
    linoz_cariolle_psc: [  0.28506880653600129E-007,  0.28506880653600129E-007,  0.28506880653600129E-007,  0.28506880653600129E-007]
    o3_vmr: [  0.24811308546837866E-006,  0.46370026621727715E-007,  0.41645626446331364E-006,  0.96008412305977938E-006]
    pcols: [         4]
    pver: [        72]
    chlorine_loading: [  0.32864836736409750E+001]
    do_lin_stratchem: [         1]
    radians_to_degrees: [  0.57295779513082323E+002]
    chlorine_loading_bgnd: [  0.00000000000000000E+000]
    psc_T: [  0.19750000000000000E+003]
