# Data at [lat=   39.0553303768561      , lon=   262.904774388088      , k=          30 , time step=        1403 ] 
mam4xx:
  function: lin_strat_chem_solve
input:
  fixed:
    dt:    0.00
    ncol: [         4]
    lchnk: [       137]
    o3col: [  0.61853605722897940E+019,  0.64213508657042104E+019,  0.65820723689416438E+019,  0.75954962264171274E+019]
    temp: [  0.20832069677058061E+003,  0.19649201971758399E+003,  0.21406275419250366E+003,  0.21314438652921055E+003]
    sza: [  0.89388072804875585E+000,  0.27090101885013649E+001,  0.19408210412260345E+001,  0.16439102624623163E+001]
    pmid: [  0.13368217993210610E+005,  0.13368217993210610E+005,  0.13368217993210610E+005,  0.13368217993210610E+005]
    delta_t: [  0.36000000000000000E+004]
    rlats: [  0.68518123468168590E+000, -0.97846918415695358E-001,  0.68518123468168590E+000,  0.14321972701768837E+001]
    ltrop: [        35,        26,        35,        35]
    linoz_o3_clim: [  0.48752577655014282E-006,  0.55219274367470071E-007,  0.48752577655014282E-006,  0.10788455807627107E-005]
    linoz_t_clim: [  0.21561641463393880E+003,  0.20429081674724966E+003,  0.21561641463393880E+003,  0.21485145154896614E+003]
    linoz_o3col_clim: [  0.28122659771478033E+003,  0.23377833271054476E+003,  0.28122659771478033E+003,  0.31004472470833815E+003]
    linoz_PmL_clim: [ -0.43594200608745065E-015,  0.11518082883778867E-013, -0.43594200608745065E-015, -0.34434499561941583E-014]
    linoz_dPmL_dO3: [ -0.10737826861696600E-007, -0.56666789284756161E-007, -0.10737826861696600E-007, -0.19295913084222200E-008]
    linoz_dPmL_dT: [ -0.10493574138939765E-015,  0.43378900990039741E-015, -0.10493574138939765E-015, -0.41773439151181810E-016]
    linoz_dPmL_dO3col: [ -0.61918921297623405E-017, -0.12120205836039324E-015, -0.61918921297623405E-017,  0.14298110788161368E-017]
    linoz_cariolle_psc: [  0.28506880653600129E-007,  0.28506880653600129E-007,  0.28506880653600129E-007,  0.28506880653600129E-007]
    o3_vmr: [  0.28385583172956744E-006,  0.47320090308879152E-007,  0.38129814848194222E-006,  0.98318902934923558E-006]
    pcols: [         4]
    pver: [        72]
    chlorine_loading: [  0.32864836736409750E+001]
    do_lin_stratchem: [         1]
    radians_to_degrees: [  0.57295779513082323E+002]
    chlorine_loading_bgnd: [  0.00000000000000000E+000]
    psc_T: [  0.19750000000000000E+003]
