# Data at [lat=   39.0553303768561      , lon=   262.904774388088      , k=          30 , time step=        1413 ] 
mam4xx:
  function: lin_strat_chem_solve
input:
  fixed:
    dt:    0.00
    ncol: [         4]
    lchnk: [       137]
    o3col: [  0.59575416948480942E+019,  0.63883676020464640E+019,  0.66920034946321070E+019,  0.75546452180742851E+019]
    temp: [  0.20881670953140525E+003,  0.19630042016554711E+003,  0.21491395921262099E+003,  0.21330936137453887E+003]
    sza: [  0.21820717201666961E+001,  0.87797758803975157E+000,  0.10415247701075736E+001,  0.17099726327724256E+001]
    pmid: [  0.13368217993210610E+005,  0.13368217993210610E+005,  0.13368217993210610E+005,  0.13368217993210610E+005]
    delta_t: [  0.36000000000000000E+004]
    rlats: [  0.68518123468168590E+000, -0.97846918415695358E-001,  0.68518123468168590E+000,  0.14321972701768837E+001]
    ltrop: [        26,        26,        35,        35]
    linoz_o3_clim: [  0.48796443716473551E-006,  0.55145408339879368E-007,  0.48796443716473551E-006,  0.10804159858328605E-005]
    linoz_t_clim: [  0.21560790362322260E+003,  0.20429240531142534E+003,  0.21560790362322260E+003,  0.21495766960932588E+003]
    linoz_o3col_clim: [  0.28128339718612182E+003,  0.23380164498361526E+003,  0.28128339718612182E+003,  0.31032528212615648E+003]
    linoz_PmL_clim: [ -0.43205754455344996E-015,  0.11520404934967392E-013, -0.43205754455344996E-015, -0.35251476600724862E-014]
    linoz_dPmL_dO3: [ -0.10759259754533287E-007, -0.56731976231143585E-007, -0.10759259754533287E-007, -0.19798613044317569E-008]
    linoz_dPmL_dT: [ -0.10509373968893823E-015,  0.43401822944399143E-015, -0.10509373968893823E-015, -0.42850612360281699E-016]
    linoz_dPmL_dO3col: [ -0.62399085695150869E-017, -0.12120049301384372E-015, -0.62399085695150869E-017,  0.14692014251073276E-017]
    linoz_cariolle_psc: [  0.28506880653600129E-007,  0.28506880653600129E-007,  0.28506880653600129E-007,  0.28506880653600129E-007]
    o3_vmr: [  0.21962031483215508E-006,  0.45538199600452486E-007,  0.45015885739617291E-006,  0.94519181130091408E-006]
    pcols: [         4]
    pver: [        72]
    chlorine_loading: [  0.32864836736409750E+001]
    do_lin_stratchem: [         1]
    radians_to_degrees: [  0.57295779513082323E+002]
    chlorine_loading_bgnd: [  0.00000000000000000E+000]
    psc_T: [  0.19750000000000000E+003]
