# Data at [lat=   39.0553303768561      , lon=   262.904774388088      , k=          30 , time step=        1400 ] 
mam4xx:
  function: lin_strat_chem_solve
input:
  fixed:
    dt:    0.00
    ncol: [         4]
    lchnk: [       137]
    o3col: [  0.62711325295190968E+019,  0.64015435705584138E+019,  0.65338249145616773E+019,  0.76191780772333701E+019]
    temp: [  0.20826604292310088E+003,  0.19659936379452182E+003,  0.21390805888207677E+003,  0.21313059103120764E+003]
    sza: [  0.13447934023707824E+001,  0.19739468258045136E+001,  0.24806810280603271E+001,  0.17493553180665369E+001]
    pmid: [  0.13368217993210610E+005,  0.13368217993210610E+005,  0.13368217993210610E+005,  0.13368217993210610E+005]
    delta_t: [  0.36000000000000000E+004]
    rlats: [  0.68518123468168590E+000, -0.97846918415695358E-001,  0.68518123468168590E+000,  0.14321972701768837E+001]
    ltrop: [        35,        25,        35,        35]
    linoz_o3_clim: [  0.48739417836575300E-006,  0.55241434175749348E-007,  0.48739417836575300E-006,  0.10783744592416220E-005]
    linoz_t_clim: [  0.21561896793715391E+003,  0.20429034017799691E+003,  0.21561896793715391E+003,  0.21481958613085524E+003]
    linoz_o3col_clim: [  0.28120955787337635E+003,  0.23377133902862292E+003,  0.28120955787337635E+003,  0.30996055748298488E+003]
    linoz_PmL_clim: [ -0.43710734454775926E-015,  0.11517386268422245E-013, -0.43710734454775926E-015, -0.34189406450283779E-014]
    linoz_dPmL_dO3: [ -0.10731396993844996E-007, -0.56647233200838105E-007, -0.10731396993844996E-007, -0.19145103096179544E-008]
    linoz_dPmL_dT: [ -0.10488834189953105E-015,  0.43372024403731274E-015, -0.10488834189953105E-015, -0.41450287188421757E-016]
    linoz_dPmL_dO3col: [ -0.61774871978351753E-017, -0.12120252796435816E-015, -0.61774871978351753E-017,  0.14179939749276788E-017]
    linoz_cariolle_psc: [  0.28506880653600129E-007,  0.28506880653600129E-007,  0.28506880653600129E-007,  0.28506880653600129E-007]
    o3_vmr: [  0.30564654099380823E-006,  0.47892668986343454E-007,  0.36131057477260656E-006,  0.10002092575536616E-005]
    pcols: [         4]
    pver: [        72]
    chlorine_loading: [  0.32864836736409750E+001]
    do_lin_stratchem: [         1]
    radians_to_degrees: [  0.57295779513082323E+002]
    chlorine_loading_bgnd: [  0.00000000000000000E+000]
    psc_T: [  0.19750000000000000E+003]
