# Data at [lat=   39.0553303768561      , lon=   262.904774388088      , k=          30 , time step=        1404 ] 
mam4xx:
  function: lin_strat_chem_solve
input:
  fixed:
    dt:    0.00
    ncol: [         4]
    lchnk: [       137]
    o3col: [  0.61512957508698266E+019,  0.64186548893352335E+019,  0.65927914666535803E+019,  0.75909638496993905E+019]
    temp: [  0.20830078541514479E+003,  0.19644784967449812E+003,  0.21410297521297488E+003,  0.21315916816381537E+003]
    sza: [  0.83337226385229157E+000,  0.28815469277338202E+001,  0.17382960129593912E+001,  0.16152673433022064E+001]
    pmid: [  0.13368217993210610E+005,  0.13368217993210610E+005,  0.13368217993210610E+005,  0.13368217993210610E+005]
    delta_t: [  0.36000000000000000E+004]
    rlats: [  0.68518123468168590E+000, -0.97846918415695358E-001,  0.68518123468168590E+000,  0.14321972701768837E+001]
    ltrop: [        35,        26,        35,        35]
    linoz_o3_clim: [  0.48756964261156529E-006,  0.55211887764717192E-007,  0.48756964261156529E-006,  0.10790026212695937E-005]
    linoz_t_clim: [  0.21561556353286787E+003,  0.20429097560366714E+003,  0.21561556353286787E+003,  0.21486207335499321E+003]
    linoz_o3col_clim: [  0.28123227766190973E+003,  0.23378066393784982E+003,  0.28123227766190973E+003,  0.31007278045009650E+003]
    linoz_PmL_clim: [ -0.43555355993437609E-015,  0.11518315088897526E-013, -0.43555355993437609E-015, -0.34516197265751437E-014]
    linoz_dPmL_dO3: [ -0.10739970150978472E-007, -0.56673307979389431E-007, -0.10739970150978472E-007, -0.19346183080189601E-008]
    linoz_dPmL_dT: [ -0.10495154121933845E-015,  0.43381193185473756E-015, -0.10495154121933845E-015, -0.41881156472001517E-016]
    linoz_dPmL_dO3col: [ -0.61966937737335913E-017, -0.12120190182573843E-015, -0.61966937737335913E-017,  0.14337501134419543E-017]
    linoz_cariolle_psc: [  0.28506880653600129E-007,  0.28506880653600129E-007,  0.28506880653600129E-007,  0.28506880653600129E-007]
    o3_vmr: [  0.27629317876995261E-006,  0.47106013877947386E-007,  0.38848582952371551E-006,  0.97809474404072428E-006]
    pcols: [         4]
    pver: [        72]
    chlorine_loading: [  0.32864836736409750E+001]
    do_lin_stratchem: [         1]
    radians_to_degrees: [  0.57295779513082323E+002]
    chlorine_loading_bgnd: [  0.00000000000000000E+000]
    psc_T: [  0.19750000000000000E+003]
