# Data at [lat=   39.0553303768561      , lon=   262.904774388088      , k=          30 , time step=        1406 ] 
mam4xx:
  function: lin_strat_chem_solve
input:
  fixed:
    dt:    0.00
    ncol: [         4]
    lchnk: [       137]
    o3col: [  0.61000436099566705E+019,  0.64160929835153859E+019,  0.66113859020561439E+019,  0.75811146365854945E+019]
    temp: [  0.20833829967525173E+003,  0.19635975467128185E+003,  0.21422651293069538E+003,  0.21316165024626704E+003]
    sza: [  0.91614494868576202E+000,  0.26541071596000316E+001,  0.13436591879596256E+001,  0.15793121648648081E+001]
    pmid: [  0.13368217993210610E+005,  0.13368217993210610E+005,  0.13368217993210610E+005,  0.13368217993210610E+005]
    delta_t: [  0.36000000000000000E+004]
    rlats: [  0.68518123468168590E+000, -0.97846918415695358E-001,  0.68518123468168590E+000,  0.14321972701768837E+001]
    ltrop: [        35,        26,        35,        35]
    linoz_o3_clim: [  0.48765737473453285E-006,  0.55197114559190808E-007,  0.48765737473453285E-006,  0.10793167022837992E-005]
    linoz_t_clim: [  0.21561386133072369E+003,  0.20429129331650242E+003,  0.21561386133072369E+003,  0.21488331696707704E+003]
    linoz_o3col_clim: [  0.28124363755618441E+003,  0.23378532639246657E+003,  0.28124363755618441E+003,  0.31012889193369153E+003]
    linoz_PmL_clim: [ -0.43477666762714179E-015,  0.11518779499135489E-013, -0.43477666762714179E-015, -0.34679592673599399E-014]
    linoz_dPmL_dO3: [ -0.10744256729548206E-007, -0.56686345368674210E-007, -0.10744256729548206E-007, -0.19446723072264860E-008]
    linoz_dPmL_dT: [ -0.10498314087926421E-015,  0.43385777576348199E-015, -0.10498314087926421E-015, -0.42096591113941887E-016]
    linoz_dPmL_dO3col: [ -0.62062970616895065E-017, -0.12120158875642834E-015, -0.62062970616895065E-017,  0.14416281827045946E-017]
    linoz_cariolle_psc: [  0.28506880653600129E-007,  0.28506880653600129E-007,  0.28506880653600129E-007,  0.28506880653600129E-007]
    o3_vmr: [  0.26168114592687318E-006,  0.46701856468175218E-007,  0.40279039262483901E-006,  0.96844764699923985E-006]
    pcols: [         4]
    pver: [        72]
    chlorine_loading: [  0.32864836736409750E+001]
    do_lin_stratchem: [         1]
    radians_to_degrees: [  0.57295779513082323E+002]
    chlorine_loading_bgnd: [  0.00000000000000000E+000]
    psc_T: [  0.19750000000000000E+003]
