# Data at [lat=   39.0553303768561      , lon=   262.904774388088      , k=          30 , time step=        1410 ] 
mam4xx:
  function: lin_strat_chem_solve
input:
  fixed:
    dt:    0.00
    ncol: [         4]
    lchnk: [       137]
    o3col: [  0.60166125459299615E+019,  0.63877789895408538E+019,  0.66339062411604838E+019,  0.75635709008415590E+019]
    temp: [  0.20858255027452989E+003,  0.19625445206873724E+003,  0.21451731727510202E+003,  0.21323166478965260E+003]
    sza: [  0.15834024675471852E+001,  0.16538448913370452E+001,  0.83173459477525602E+000,  0.16136285436587168E+001]
    pmid: [  0.13368217993210610E+005,  0.13368217993210610E+005,  0.13368217993210610E+005,  0.13368217993210610E+005]
    delta_t: [  0.36000000000000000E+004]
    rlats: [  0.68518123468168590E+000, -0.97846918415695358E-001,  0.68518123468168590E+000,  0.14321972701768837E+001]
    ltrop: [        35,        26,        35,        35]
    linoz_o3_clim: [  0.48783283898034547E-006,  0.55167568148158645E-007,  0.48783283898034547E-006,  0.10799448643117716E-005]
    linoz_t_clim: [  0.21561045692643768E+003,  0.20429192874217262E+003,  0.21561045692643768E+003,  0.21492580419121498E+003]
    linoz_o3col_clim: [  0.28126635734471773E+003,  0.23379465130169348E+003,  0.28126635734471773E+003,  0.31024111490080315E+003]
    linoz_PmL_clim: [ -0.43322288301375862E-015,  0.11519708319610768E-013, -0.43322288301375862E-015, -0.35006383489067054E-014]
    linoz_dPmL_dO3: [ -0.10752829886681683E-007, -0.56712420147225536E-007, -0.10752829886681683E-007, -0.19647803056274913E-008]
    linoz_dPmL_dT: [ -0.10504634019907161E-015,  0.43394946358090676E-015, -0.10504634019907161E-015, -0.42527460397521640E-016]
    linoz_dPmL_dO3col: [ -0.62255036375879217E-017, -0.12120096261780861E-015, -0.62255036375879217E-017,  0.14573843212188698E-017]
    linoz_cariolle_psc: [  0.28506880653600129E-007,  0.28506880653600129E-007,  0.28506880653600129E-007,  0.28506880653600129E-007]
    o3_vmr: [  0.23577731589852364E-006,  0.46036548730074531E-007,  0.42961072897496138E-006,  0.95347113856831281E-006]
    pcols: [         4]
    pver: [        72]
    chlorine_loading: [  0.32864836736409750E+001]
    do_lin_stratchem: [         1]
    radians_to_degrees: [  0.57295779513082323E+002]
    chlorine_loading_bgnd: [  0.00000000000000000E+000]
    psc_T: [  0.19750000000000000E+003]
