# Data at [lat=   40.1837635770142      , lon=   223.838476568273      , k=          70 , time step=         592 ] 
mam4xx:
  function: lin_strat_sfcsink
input:
  fixed:
    dt:    0.00
    ncol: [         4]
    lchnk: [       164]
    delta_t: [  0.36000000000000000E+004]
    pdel: [  0.86473507528079790E+003]
    o3l_vmr: [  0.50366733126269228E-007]
    pcols: [         4]
    pver: [        72]
    mwdry: [  0.28966000000000001E+002]
    mwo3: [  0.48000000000000000E+002]
    rgrav: [  0.10197671667604852E+000]
    do_lin_strat_chem: [         1]
    o3_tau: [  0.17280000000000000E+006]
    o3_lbl: [         4]
    o3_sfc: [  0.29999999999999997E-007]
