# Data at [lat=   39.0553303768561      , lon=   262.904774388088      , k=          54 , time step=        1416 ] 
mam4xx:
  function: adjrxt
input:
  fixed:
    dt:    0.00
    ncol: [         4]
    inv: [0.2128790704E+020,0.1681744657E+020,0.4470460479E+019,0.3019533133E+017,0.8963350002E+006,0.6033823529E+008,0.8413187211E+008,0.1171256666E+013]
    mtot: [0.2128790704E+020]
    rate: [-.9876543200E+008,0.4908205787E-011,0.1534314250E-011,0.9953536327E-012,0.3783675232E-011,0.1182409839E-010,0.1504269183E-011]
    pver: [        72]
    nfs: [         8]
    rxntot: [         7]
