# Data at [lat=   39.0553303768561      , lon=   262.904774388088      , k=          54 , time step=        1408 ] 
mam4xx:
  function: adjrxt
input:
  fixed:
    dt:    0.00
    ncol: [         4]
    inv: [0.2124050005E+020,0.1677999504E+020,0.4460505010E+019,0.3097017922E+017,0.8886740452E+006,0.6016205564E+008,0.8356754708E+008,0.1167868128E+013]
    mtot: [0.2124050005E+020]
    rate: [-.9876543200E+008,0.4881621368E-011,0.1536330041E-011,0.9931944193E-012,0.3790947550E-011,0.1175195198E-010,0.1497864042E-011]
    pver: [        72]
    nfs: [         8]
    rxntot: [         7]
