# Data at [lat=   39.0553303768561      , lon=   262.904774388088      , k=          54 , time step=        1406 ] 
mam4xx:
  function: adjrxt
input:
  fixed:
    dt:    0.00
    ncol: [         4]
    inv: [0.2116988459E+020,0.1672420883E+020,0.4445675765E+019,0.3151040713E+017,0.8843590485E+006,0.5966938383E+008,0.8320730518E+008,0.1164195445E+013]
    mtot: [0.2116988459E+020]
    rate: [-.9876543200E+008,0.4841185749E-011,0.1538483776E-011,0.9906502959E-012,0.3798722399E-011,0.1167224022E-010,0.1491059939E-011]
    pver: [        72]
    nfs: [         8]
    rxntot: [         7]
