# Data at [lat=   39.0553303768561      , lon=   262.904774388088      , k=          54 , time step=        1407 ] 
mam4xx:
  function: adjrxt
input:
  fixed:
    dt:    0.00
    ncol: [         4]
    inv: [0.2120364965E+020,0.1675088322E+020,0.4452766427E+019,0.3078968068E+017,0.8864482496E+006,0.5992449566E+008,0.8338073716E+008,0.1165927896E+013]
    mtot: [0.2120364965E+020]
    rate: [-.9876543200E+008,0.4843548521E-011,0.1537526922E-011,0.9918093910E-012,0.3795267593E-011,0.1170799837E-010,0.1494077843E-011]
    pver: [        72]
    nfs: [         8]
    rxntot: [         7]
