# Data at [lat=   39.0553303768561      , lon=   262.904774388088      , k=          54 , time step=        1404 ] 
mam4xx:
  function: adjrxt
input:
  fixed:
    dt:    0.00
    ncol: [         4]
    inv: [0.2108813192E+020,0.1665962422E+020,0.4428507703E+019,0.3391925919E+017,0.8795924591E+006,0.5913898706E+008,0.8280430145E+008,0.1159921508E+013]
    mtot: [0.2108813192E+020]
    rate: [-.9876543200E+008,0.4847360726E-011,0.1541127368E-011,0.9875644472E-012,0.3808272488E-011,0.1157146676E-010,0.1482763417E-011]
    pver: [        72]
    nfs: [         8]
    rxntot: [         7]
