# Data at [lat=   39.0553303768561      , lon=   262.904774388088      , k=          54 , time step=        1411 ] 
mam4xx:
  function: activate_modal
input:
  fixed:
    dt:    0.00
    w_in: [ 0.3976825157E+00]
    wmaxf: [ 0.1000000000E+02]
    tair: [ 0.2515988223E+03]
    rhoair: [ 0.1022085112E+01]
    na: [ 0.1017482823E+09, 0.1889346016E+10, 0.5223300269E+05, 0.6736979335E+08]
    nmode: [         4]
    volume: [ 0.4066730367E-12, 0.6791753646E-13, 0.2172057437E-12, 0.9531932913E-13]
    hygro: [ 0.4025701415E+00, 0.4407666340E+00, 0.1114456023E+01, 0.1006528890E-06]
    rair: [ 0.2870423114E+03]
    latvap: [ 0.2501000000E+07]
    rh2o: [ 0.4615046398E+03]
    gravit: [ 0.9806160000E+01]
    cpair: [ 0.1004640000E+04]
    rhoh2o: [ 0.1000000000E+04]
    pi: [ 0.3141592654E+01]
    alogsig: [ 0.5877866649E+00, 0.4700036292E+00, 0.5877866649E+00, 0.4700036441E+00]
    exp45logsig: [ 0.4733757267E+01, 0.2702197556E+01, 0.4733757267E+01, 0.2702197727E+01]
    t0: [ 0.2730000000E+03]
    aten: [ 0.1206437615E-08]
    twothird: [ 0.6666666667E+00]
    sq2: [ 0.1414213562E+01]
