# Data at [lat=   39.0553303768561      , lon=   262.904774388088      , k=          54 , time step=        1416 ] 
mam4xx:
  function: activate_modal
input:
  fixed:
    dt:    0.00
    w_in: [ 0.2660863725E+00]
    wmaxf: [ 0.1000000000E+02]
    tair: [ 0.2512437090E+03]
    rhoair: [ 0.1024260068E+01]
    na: [ 0.1209778137E+09, 0.2337402891E+10, 0.5021075343E+05, 0.7166087807E+08]
    nmode: [         4]
    volume: [ 0.4661017862E-12, 0.7813094065E-13, 0.2140374654E-12, 0.1013906453E-12]
    hygro: [ 0.4039892109E+00, 0.4475923891E+00, 0.1104300108E+01, 0.8962006572E-07]
    rair: [ 0.2870423114E+03]
    latvap: [ 0.2501000000E+07]
    rh2o: [ 0.4615046398E+03]
    gravit: [ 0.9806160000E+01]
    cpair: [ 0.1004640000E+04]
    rhoh2o: [ 0.1000000000E+04]
    pi: [ 0.3141592654E+01]
    alogsig: [ 0.5877866649E+00, 0.4700036292E+00, 0.5877866649E+00, 0.4700036441E+00]
    exp45logsig: [ 0.4733757267E+01, 0.2702197556E+01, 0.4733757267E+01, 0.2702197727E+01]
    t0: [ 0.2730000000E+03]
    aten: [ 0.1206437615E-08]
    twothird: [ 0.6666666667E+00]
    sq2: [ 0.1414213562E+01]
