# Data at [lat=   39.0553303768561      , lon=   262.904774388088      , k=          54 , time step=        1405 ] 
mam4xx:
  function: activate_modal
input:
  fixed:
    dt:    0.00
    w_in: [ 0.2365756419E+00]
    wmaxf: [ 0.1000000000E+02]
    tair: [ 0.2527430168E+03]
    rhoair: [ 0.1016298637E+01]
    na: [ 0.1125807819E+09, 0.1853251802E+10, 0.7539971571E+05, 0.6740696687E+08]
    nmode: [         4]
    volume: [ 0.5408007116E-12, 0.8035896144E-13, 0.3075658641E-12, 0.9537192472E-13]
    hygro: [ 0.4068998845E+00, 0.4394997153E+00, 0.1121857515E+01, 0.1151752242E-06]
    rair: [ 0.2870423114E+03]
    latvap: [ 0.2501000000E+07]
    rh2o: [ 0.4615046398E+03]
    gravit: [ 0.9806160000E+01]
    cpair: [ 0.1004640000E+04]
    rhoh2o: [ 0.1000000000E+04]
    pi: [ 0.3141592654E+01]
    alogsig: [ 0.5877866649E+00, 0.4700036292E+00, 0.5877866649E+00, 0.4700036441E+00]
    exp45logsig: [ 0.4733757267E+01, 0.2702197556E+01, 0.4733757267E+01, 0.2702197727E+01]
    t0: [ 0.2730000000E+03]
    aten: [ 0.1206437615E-08]
    twothird: [ 0.6666666667E+00]
    sq2: [ 0.1414213562E+01]
