# Data at [lat=   39.0553303768561      , lon=   262.904774388088      , k=          54 , time step=        1415 ] 
mam4xx:
  function: activate_modal
input:
  fixed:
    dt:    0.00
    w_in: [ 0.2861932349E+00]
    wmaxf: [ 0.1000000000E+02]
    tair: [ 0.2513147524E+03]
    rhoair: [ 0.1023253552E+01]
    na: [ 0.1043674946E+09, 0.2506984377E+10, 0.3139015175E+05, 0.7733549810E+08]
    nmode: [         4]
    volume: [ 0.3195123362E-12, 0.7447940998E-13, 0.1433231690E-12, 0.1094194806E-12]
    hygro: [ 0.4055447766E+00, 0.4513651612E+00, 0.1099963986E+01, 0.7436904777E-07]
    rair: [ 0.2870423114E+03]
    latvap: [ 0.2501000000E+07]
    rh2o: [ 0.4615046398E+03]
    gravit: [ 0.9806160000E+01]
    cpair: [ 0.1004640000E+04]
    rhoh2o: [ 0.1000000000E+04]
    pi: [ 0.3141592654E+01]
    alogsig: [ 0.5877866649E+00, 0.4700036292E+00, 0.5877866649E+00, 0.4700036441E+00]
    exp45logsig: [ 0.4733757267E+01, 0.2702197556E+01, 0.4733757267E+01, 0.2702197727E+01]
    t0: [ 0.2730000000E+03]
    aten: [ 0.1206437615E-08]
    twothird: [ 0.6666666667E+00]
    sq2: [ 0.1414213562E+01]
