# Data at [lat=   39.0553303768561      , lon=   262.904774388088      , k=          54 , time step=        1402 ] 
mam4xx:
  function: activate_modal
input:
  fixed:
    dt:    0.00
    w_in: [0.2556753903E+000]
    wmaxf: [0.1000000000E+002]
    tair: [0.2538687326E+003]
    rhoair: [0.1010384180E+001]
    na: [0.1072368571E+009,0.1947725316E+010,0.6431589171E+005,0.7107454087E+008]
    nmode: [         4]
    volume: [0.5104232535E-012,0.8167891329E-013,0.2627826205E-012,0.1005610559E-012]
    hygro: [0.4190711761E+000,0.4581741794E+000,0.1118467193E+001,0.1129317356E-006]
    rair: [0.2870423114E+003]
    latvap: [0.2501000000E+007]
    rh2o: [0.4615046398E+003]
    gravit: [0.9806160000E+001]
    cpair: [0.1004640000E+004]
    rhoh2o: [0.1000000000E+004]
    pi: [0.3141592654E+001]
    alogsig: [0.5877866649E+000,0.4700036292E+000,0.5877866649E+000,0.4700036441E+000]
    exp45logsig: [0.4733757267E+001,0.2702197556E+001,0.4733757267E+001,0.2702197727E+001]
    t0: [0.2730000000E+003]
    aten: [0.1206437615E-008]
    twothird: [0.6666666667E+000]
    sq2: [0.1414213562E+001]
