# Data at [lat=   39.0553303768561      , lon=   262.904774388088      , k=          54 , time step=        1401 ] 
mam4xx:
  function: activate_modal
input:
  fixed:
    dt:    0.00
    w_in: [ 0.2035884056E+00]
    wmaxf: [ 0.1000000000E+02]
    tair: [ 0.2542867631E+03]
    rhoair: [ 0.1008801927E+01]
    na: [ 0.8937784261E+08, 0.1907348618E+10, 0.5376344290E+05, 0.6882922125E+08]
    nmode: [         4]
    volume: [ 0.3946815160E-12, 0.7711726592E-13, 0.2179731889E-12, 0.9738422619E-13]
    hygro: [ 0.4182897233E+00, 0.4604913313E+00, 0.1123981733E+01, 0.1186599978E-06]
    rair: [ 0.2870423114E+03]
    latvap: [ 0.2501000000E+07]
    rh2o: [ 0.4615046398E+03]
    gravit: [ 0.9806160000E+01]
    cpair: [ 0.1004640000E+04]
    rhoh2o: [ 0.1000000000E+04]
    pi: [ 0.3141592654E+01]
    alogsig: [ 0.5877866649E+00, 0.4700036292E+00, 0.5877866649E+00, 0.4700036441E+00]
    exp45logsig: [ 0.4733757267E+01, 0.2702197556E+01, 0.4733757267E+01, 0.2702197727E+01]
    t0: [ 0.2730000000E+03]
    aten: [ 0.1206437615E-08]
    twothird: [ 0.6666666667E+00]
    sq2: [ 0.1414213562E+01]
