# Data at [lat=   39.0553303768561      , lon=   262.904774388088      , k=          54 , time step=        1403 ] 
mam4xx:
  function: activate_modal
input:
  fixed:
    dt:    0.00
    w_in: [0.2643378056E+000]
    wmaxf: [0.1000000000E+002]
    tair: [0.2534582809E+003]
    rhoair: [0.1012340558E+001]
    na: [0.1074162332E+009,0.1920210065E+010,0.6866138119E+005,0.7020946243E+008]
    nmode: [         4]
    volume: [0.5203981188E-012,0.8049363264E-013,0.2775947101E-012,0.9933708454E-013]
    hygro: [0.4162435263E+000,0.4572300019E+000,0.1119873699E+001,0.1135870944E-006]
    rair: [0.2870423114E+003]
    latvap: [0.2501000000E+007]
    rh2o: [0.4615046398E+003]
    gravit: [0.9806160000E+001]
    cpair: [0.1004640000E+004]
    rhoh2o: [0.1000000000E+004]
    pi: [0.3141592654E+001]
    alogsig: [0.5877866649E+000,0.4700036292E+000,0.5877866649E+000,0.4700036441E+000]
    exp45logsig: [0.4733757267E+001,0.2702197556E+001,0.4733757267E+001,0.2702197727E+001]
    t0: [0.2730000000E+003]
    aten: [0.1206437615E-008]
    twothird: [0.6666666667E+000]
    sq2: [0.1414213562E+001]
