# Data at [lat=   39.0553303768561      , lon=   262.904774388088      , k=          54 , time step=        1405 ] 
mam4xx:
  function: ccncalc
input:
  fixed:
    dt:    0.00
    state_q: [ 0.9550993496E-03, 0.2005538462E-05, 0.3310075548E-07, 0.1932183736E+08, 0.6397017968E+02, 0.1046338481E-05, 0.4211796854E-05, 0.3665632540E+02, 0.2007085086E+03, 0.1075536728E-06, 0.1111438123E-09, 0.2414530083E-12, 0.5857704921E-10, 0.2702912002E-14, 0.3821685845E-11, 0.4060097095E-09, 0.1895831186E-10, 0.1181156763E-09, 0.5299543023E-11, 0.5865838122E-12, 0.4351705004E-10, 0.4156191883E-11, 0.8738751556E+08, 0.1041903412E-09, 0.1275064885E-10, 0.3651755420E-13, 0.3925065677E-14, 0.1749652937E+10, 0.1303017751E-11, 0.4026028103E-09, 0.8412866700E-11, 0.1111759125E-12, 0.4725290311E-12, 0.3312656672E-11, 0.8726148695E-13, 0.5895079417E+05, 0.7770493573E-10, 0.2126077188E-10, 0.1747124964E-15, 0.6047282032E+08]
    tair: [ 0.2527430168E+03]
    qcldbrn_num: [ 0.3322439413E+07, 0.1104791757E+07, 0.3279651549E+04, 0.0000000000E+00]
    ncol: [         4]
    cs: [ 0.1016298637E+01]
    pcols: [         4]
    pver: [        72]
    pi: [ 0.3141592654E+01]
    rhoh2o: [ 0.1000000000E+04]
    mwh2o: [ 0.1801600000E+02]
    r_universal: [ 0.8314467591E+04]
    top_lev: [         7]
    surften: [ 0.7600000000E-01]
    twothird: [ 0.6666666667E+00]
    sq2: [ 0.1414213562E+01]
    exp45logsig: [ 0.4733757267E+01, 0.2702197556E+01, 0.4733757267E+01, 0.2702197727E+01]
    psat: [         6]
    supersat: [ 0.2000000000E-01, 0.5000000000E-01, 0.1000000000E+00, 0.2000000000E+00, 0.5000000000E+00, 0.1000000000E+01]
    ntot_amode: [         4]
