# Data at [lat=   39.0553303768561      , lon=   262.904774388088      , k=          54 , time step=        1416 ] 
mam4xx:
  function: ccncalc
input:
  fixed:
    dt:    0.00
    state_q: [ 0.8975269616E-03, 0.1722766809E-04, 0.8642413926E-07, 0.7782202529E+08, 0.9658225331E+02, 0.2241616221E-06, 0.2168135068E-05, 0.1621348827E+03, 0.1440107568E+03, 0.1138379088E-06, 0.9290467252E-10, 0.2734822540E-12, 0.4185104193E-10, 0.6468360921E-13, 0.6667405721E-11, 0.2974671931E-09, 0.1519918337E-10, 0.8711285722E-10, 0.3967842155E-11, 0.4272541976E-12, 0.2638698868E-10, 0.2495519484E-11, 0.8813847987E+08, 0.1002700261E-09, 0.1061068836E-10, 0.3131111003E-13, 0.3370213166E-14, 0.2084921187E+10, 0.9638596887E-12, 0.3010192702E-09, 0.8847432502E-11, 0.1123517540E-12, 0.4808070881E-12, 0.3226484356E-11, 0.8095851547E-13, 0.3633633590E+05, 0.7896617207E-10, 0.2102424981E-10, 0.1477271893E-15, 0.5976882913E+08]
    tair: [ 0.2512437090E+03]
    qcldbrn_num: [ 0.5734588329E+08, 0.1654002235E+08, 0.3861505444E+05, 0.0000000000E+00]
    ncol: [         4]
    cs: [ 0.1024260068E+01]
    pcols: [         4]
    pver: [        72]
    pi: [ 0.3141592654E+01]
    rhoh2o: [ 0.1000000000E+04]
    mwh2o: [ 0.1801600000E+02]
    r_universal: [ 0.8314467591E+04]
    top_lev: [         7]
    surften: [ 0.7600000000E-01]
    twothird: [ 0.6666666667E+00]
    sq2: [ 0.1414213562E+01]
    exp45logsig: [ 0.4733757267E+01, 0.2702197556E+01, 0.4733757267E+01, 0.2702197727E+01]
    psat: [         6]
    supersat: [ 0.2000000000E-01, 0.5000000000E-01, 0.1000000000E+00, 0.2000000000E+00, 0.5000000000E+00, 0.1000000000E+01]
    ntot_amode: [         4]
