# Data at [lat=   39.0553303768561      , lon=   262.904774388088      , k=          54 , time step=        1408 ] 
mam4xx:
  function: ccncalc
input:
  fixed:
    dt:    0.00
    state_q: [ 0.8588237917E-03, 0.2504580374E-05, 0.9072785867E-08, 0.8122354286E+07, 0.4631299617E+01, 0.1002944248E-05, 0.2907788248E-05, 0.1460889834E+02, 0.1546085739E+03, 0.1094115893E-06, 0.1210659749E-09, 0.4675548138E-12, 0.5895504238E-10, 0.7441309694E-14, 0.2589297981E-11, 0.4930494281E-09, 0.2445401010E-10, 0.1523461865E-09, 0.6795722384E-11, 0.7508899545E-12, 0.5497603814E-10, 0.5262993707E-11, 0.1011612082E+09, 0.1007857590E-09, 0.1438082561E-10, 0.3964835374E-13, 0.4240640045E-14, 0.1655706209E+10, 0.1794881812E-11, 0.5493347761E-09, 0.1179101640E-10, 0.1561216861E-12, 0.6735529608E-12, 0.4734832845E-11, 0.1232285445E-12, 0.7554847689E+05, 0.7382391696E-10, 0.2010535682E-10, 0.1693018110E-15, 0.5764266888E+08]
    tair: [ 0.2519976663E+03]
    qcldbrn_num: [ 0.5370768193E+05, 0.1391276986E+05, 0.5361412692E+02, 0.0000000000E+00]
    ncol: [         4]
    cs: [ 0.1021027124E+01]
    pcols: [         4]
    pver: [        72]
    pi: [ 0.3141592654E+01]
    rhoh2o: [ 0.1000000000E+04]
    mwh2o: [ 0.1801600000E+02]
    r_universal: [ 0.8314467591E+04]
    top_lev: [         7]
    lmassptr_amode: [        16,        17,        18,        19,        20,        21,        22,         0,         0,         0,         0,         0,         0,         0,        24,        25,        26,        27,         0,         0,         0,         0,         0,         0,         0,         0,         0,         0,        29,        30,        31,        32,        33,        34,        35,         0,         0,         0,         0,         0,         0,         0,        37,        38,        39,         0,         0,         0,         0,         0,         0,         0,         0,         0,         0,         0]
    numptr_amode: [        23,        28,        36,        40]
    lspectype_amode: [         1,         4,         5,         6,         8,         7,         9,         0,         0,         0,         0,         0,         0,         0,         1,         5,         7,         9,         0,         0,         0,         0,         0,         0,         0,         0,         0,         0,         8,         7,         1,         6,         4,         5,         9,         0,         0,         0,         0,         0,         0,         0,         4,         6,         9,         0,         0,         0,         0,         0,         0,         0,         0,         0,         0,         0]
    specdens_amode: [ 0.1770000000E+04, 0.1797693135+309, 0.1797693135+309, 0.1000000000E+04, 0.1000000000E+04, 0.1700000000E+04, 0.1900000000E+04, 0.2600000000E+04, 0.1601000000E+04, 0.0000000000E+00, 0.0000000000E+00, 0.0000000000E+00, 0.0000000000E+00, 0.0000000000E+00]
    spechygro: [ 0.5070000000E+00, 0.1797693135+309, 0.1797693135+309, 0.1000000083E-09, 0.1400000000E+00, 0.1000000013E-09, 0.1160000000E+01, 0.6800000000E-01, 0.1000000015E+00, 0.0000000000E+00, 0.0000000000E+00, 0.0000000000E+00, 0.0000000000E+00, 0.0000000000E+00]
    surften: [ 0.7600000000E-01]
    twothird: [ 0.6666666667E+00]
    sq2: [ 0.1414213562E+01]
    exp45logsig: [ 0.4733757267E+01, 0.2702197556E+01, 0.4733757267E+01, 0.2702197727E+01]
    psat: [         6]
    supersat: [ 0.2000000000E-01, 0.5000000000E-01, 0.1000000000E+00, 0.2000000000E+00, 0.5000000000E+00, 0.1000000000E+01]
    ntot_amode: [         4]
    nspec_amode: [         7,         4,         7,         3]
    voltonumblo_amode: [ 0.2634717443E+22, 0.1073313330E+25, 0.4034552701E+18, 0.7067800158E+24]
    voltonumbhi_amode: [ 0.4736279937E+19, 0.5026599108E+22, 0.6303988596E+16, 0.7067799781E+21]
