# Data at [lat=   39.0553303768561      , lon=   262.904774388088      , k=          54 , time step=        1413 ] 
mam4xx:
  function: ccncalc
input:
  fixed:
    dt:    0.00
    state_q: [ 0.9256422826E-03, 0.8257477350E-04, 0.1807866186E-07, 0.6627261380E+08, 0.6278066340E-01, 0.1573442348E-06, 0.4985448286E-05, 0.5592656474E+03, 0.1841624215E+03, 0.1110477849E-06, 0.8810481076E-10, 0.5111711715E-13, 0.5479507819E-10, 0.9035832367E-13, 0.4702200206E-11, 0.3532442061E-09, 0.1708733089E-10, 0.1001744400E-09, 0.4486468265E-11, 0.4732135325E-12, 0.3121742463E-10, 0.2908204142E-11, 0.1003231720E+09, 0.8825515113E-10, 0.1069101364E-10, 0.2999485130E-13, 0.3162903115E-14, 0.1955102804E+10, 0.1031156354E-11, 0.3550349464E-09, 0.1067546683E-10, 0.1279198946E-12, 0.5419065890E-12, 0.3695606284E-11, 0.9346215926E-13, 0.4369717073E+05, 0.8134597114E-10, 0.2158986092E-10, 0.1455970265E-15, 0.6179512768E+08]
    tair: [ 0.2515121714E+03]
    qcldbrn_num: [ 0.6441217423E+08, 0.2990388903E+08, 0.3942696934E+05, 0.0000000000E+00]
    ncol: [         4]
    cs: [ 0.1022039241E+01]
    pcols: [         4]
    pver: [        72]
    pi: [ 0.3141592654E+01]
    rhoh2o: [ 0.1000000000E+04]
    mwh2o: [ 0.1801600000E+02]
    r_universal: [ 0.8314467591E+04]
    top_lev: [         7]
    surften: [ 0.7600000000E-01]
    twothird: [ 0.6666666667E+00]
    sq2: [ 0.1414213562E+01]
    exp45logsig: [ 0.4733757267E+01, 0.2702197556E+01, 0.4733757267E+01, 0.2702197727E+01]
    psat: [         6]
    supersat: [ 0.2000000000E-01, 0.5000000000E-01, 0.1000000000E+00, 0.2000000000E+00, 0.5000000000E+00, 0.1000000000E+01]
    ntot_amode: [         4]
