# Data at [lat=   39.0553303768561      , lon=   262.904774388088      , k=          54 , time step=        1406 ] 
mam4xx:
  function: ccncalc
input:
  fixed:
    dt:    0.00
    state_q: [ 0.9223686776E-03, 0.1637170335E-05, 0.1816330688E-07, 0.1744786218E+08, 0.3864109842E+02, 0.1336660397E-05, 0.5005809215E-05, 0.2758420721E+02, 0.1985347855E+03, 0.1081551766E-06, 0.1156945582E-09, 0.5367185886E-12, 0.5659187455E-10, 0.2498862743E-14, 0.5053776748E-11, 0.4416154400E-09, 0.2063649490E-10, 0.1263150203E-09, 0.5770795727E-11, 0.6228999899E-12, 0.4735792953E-10, 0.4522011316E-11, 0.9131046124E+08, 0.1049458928E-09, 0.1217719305E-10, 0.3743037504E-13, 0.4010793771E-14, 0.1732510141E+10, 0.1469168223E-11, 0.4549527123E-09, 0.9936088331E-11, 0.1308256249E-12, 0.5583773211E-12, 0.3851898748E-11, 0.1019078820E-12, 0.6441091461E+05, 0.7712307546E-10, 0.2103444566E-10, 0.1720019228E-15, 0.6003591528E+08]
    tair: [ 0.2524349778E+03]
    qcldbrn_num: [ 0.1583146988E+07, 0.4505704995E+06, 0.1632106562E+04, 0.0000000000E+00]
    ncol: [         4]
    cs: [ 0.1018114707E+01]
    pcols: [         4]
    pver: [        72]
    pi: [ 0.3141592654E+01]
    rhoh2o: [ 0.1000000000E+04]
    mwh2o: [ 0.1801600000E+02]
    r_universal: [ 0.8314467591E+04]
    top_lev: [         7]
    surften: [ 0.7600000000E-01]
    twothird: [ 0.6666666667E+00]
    sq2: [ 0.1414213562E+01]
    exp45logsig: [ 0.4733757267E+01, 0.2702197556E+01, 0.4733757267E+01, 0.2702197727E+01]
    psat: [         6]
    supersat: [ 0.2000000000E-01, 0.5000000000E-01, 0.1000000000E+00, 0.2000000000E+00, 0.5000000000E+00, 0.1000000000E+01]
    ntot_amode: [         4]
