# Data at [lat=   39.0553303768561      , lon=   262.904774388088      , k=          54 , time step=        1403 ] 
mam4xx:
  function: ccncalc
input:
  fixed:
    dt:    0.00
    state_q: [ 0.1044824939E-02, 0.6085729848E-05, 0.1314083428E-06, 0.2443794694E+08, 0.1767256667E+03, 0.1624265715E-06, 0.5569224981E-05, 0.3937843535E+02, 0.2258418536E+03, 0.1062048747E-06, 0.1024948731E-09, 0.6016128414E-12, 0.6578100822E-10, 0.4090742984E-14, 0.9595211178E-11, 0.3874974446E-09, 0.1646488252E-10, 0.9936749902E-10, 0.4608323710E-11, 0.4932205436E-12, 0.3832837490E-10, 0.3673205428E-11, 0.8055943839E+08, 0.1091773320E-09, 0.9719507875E-11, 0.3546076464E-13, 0.3830870682E-14, 0.1815222239E+10, 0.1224838404E-11, 0.3756286438E-09, 0.8092434032E-11, 0.1086422409E-12, 0.4586829587E-12, 0.3061004586E-11, 0.8229225569E-13, 0.5215449472E+05, 0.8050605109E-10, 0.2210486508E-10, 0.1795285585E-15, 0.6259074834E+08]
    tair: [ 0.2534582809E+03]
    qcldbrn_num: [ 0.1398851866E+08, 0.5367339704E+07, 0.1263473159E+05, 0.0000000000E+00]
    ncol: [         4]
    cs: [ 0.1012340558E+01]
    pcols: [         4]
    pver: [        72]
    pi: [ 0.3141592654E+01]
    rhoh2o: [ 0.1000000000E+04]
    mwh2o: [ 0.1801600000E+02]
    r_universal: [ 0.8314467591E+04]
    top_lev: [         7]
    surften: [ 0.7600000000E-01]
    twothird: [ 0.6666666667E+00]
    sq2: [ 0.1414213562E+01]
    exp45logsig: [ 0.4733757267E+01, 0.2702197556E+01, 0.4733757267E+01, 0.2702197727E+01]
    psat: [         6]
    supersat: [ 0.2000000000E-01, 0.5000000000E-01, 0.1000000000E+00, 0.2000000000E+00, 0.5000000000E+00, 0.1000000000E+01]
    ntot_amode: [         4]
