# Data at [lat=   39.0553303768561      , lon=   262.904774388088      , k=          54 , time step=        1412 ] 
mam4xx:
  function: ccncalc
input:
  fixed:
    dt:    0.00
    state_q: [ 0.9324359214E-03, 0.6692286591E-04, 0.2608635762E-07, 0.6670659058E+08, 0.1751509729E+01, 0.7004996459E-07, 0.2663525629E-05, 0.3829272856E+03, 0.1760090332E+03, 0.1106439756E-06, 0.9511188764E-10, 0.5919154330E-13, 0.5725203624E-10, 0.8871859183E-13, 0.3871827702E-11, 0.3563671882E-09, 0.1693151438E-10, 0.9854238956E-10, 0.4538644969E-11, 0.4526556123E-12, 0.3110906010E-10, 0.2913141757E-11, 0.9773142483E+08, 0.8617563912E-10, 0.1096917867E-10, 0.3066515105E-13, 0.3228705533E-14, 0.1878701113E+10, 0.9684689210E-12, 0.3231341204E-09, 0.9754596582E-11, 0.1189008492E-12, 0.5029347137E-12, 0.3368752008E-11, 0.8417596494E-13, 0.4318704362E+05, 0.8083046414E-10, 0.2147716921E-10, 0.1484572240E-15, 0.6163873286E+08]
    tair: [ 0.2516024778E+03]
    qcldbrn_num: [ 0.6095509157E+08, 0.3184022349E+08, 0.3850613458E+05, 0.0000000000E+00]
    ncol: [         4]
    cs: [ 0.1021711436E+01]
    pcols: [         4]
    pver: [        72]
    pi: [ 0.3141592654E+01]
    rhoh2o: [ 0.1000000000E+04]
    mwh2o: [ 0.1801600000E+02]
    r_universal: [ 0.8314467591E+04]
    top_lev: [         7]
    surften: [ 0.7600000000E-01]
    twothird: [ 0.6666666667E+00]
    sq2: [ 0.1414213562E+01]
    exp45logsig: [ 0.4733757267E+01, 0.2702197556E+01, 0.4733757267E+01, 0.2702197727E+01]
    psat: [         6]
    supersat: [ 0.2000000000E-01, 0.5000000000E-01, 0.1000000000E+00, 0.2000000000E+00, 0.5000000000E+00, 0.1000000000E+01]
    ntot_amode: [         4]
