# Data at [lat=   39.0553303768561      , lon=   262.904774388088      , k=          54 , time step=        1414 ] 
mam4xx:
  function: ccncalc
input:
  fixed:
    dt:    0.00
    state_q: [ 0.9305474161E-03, 0.9400344481E-04, 0.1442368575E-06, 0.7189596398E+08, 0.1514064664E+03, 0.9049194108E-07, 0.5673825507E-05, 0.8430594513E+03, 0.1944880464E+03, 0.1114194877E-06, 0.8369370679E-10, 0.9806548593E-13, 0.4862691344E-10, 0.9981543046E-13, 0.5582725240E-11, 0.3406335340E-09, 0.1659409322E-10, 0.9691374928E-10, 0.4290469668E-11, 0.4598929975E-12, 0.3006815156E-10, 0.2784725299E-11, 0.1013252585E+09, 0.9013570322E-10, 0.9952791347E-11, 0.2806689469E-13, 0.2993145755E-14, 0.2024421323E+10, 0.1001532377E-11, 0.3544806107E-09, 0.1054727251E-10, 0.1237960249E-12, 0.5197316505E-12, 0.3660121861E-11, 0.9247717423E-13, 0.4197074718E+05, 0.8198840536E-10, 0.2173206367E-10, 0.1438507105E-15, 0.6212431268E+08]
    tair: [ 0.2515071732E+03]
    qcldbrn_num: [ 0.6854426971E+08, 0.2804301625E+08, 0.4154386963E+05, 0.0000000000E+00]
    ncol: [         4]
    cs: [ 0.1022116147E+01]
    pcols: [         4]
    pver: [        72]
    pi: [ 0.3141592654E+01]
    rhoh2o: [ 0.1000000000E+04]
    mwh2o: [ 0.1801600000E+02]
    r_universal: [ 0.8314467591E+04]
    top_lev: [         7]
    lmassptr_amode: [        16,        17,        18,        19,        20,        21,        22,         0,         0,         0,         0,         0,         0,         0,        24,        25,        26,        27,         0,         0,         0,         0,         0,         0,         0,         0,         0,         0,        29,        30,        31,        32,        33,        34,        35,         0,         0,         0,         0,         0,         0,         0,        37,        38,        39,         0,         0,         0,         0,         0,         0,         0,         0,         0,         0,         0]
    numptr_amode: [        23,        28,        36,        40]
    lspectype_amode: [         1,         4,         5,         6,         8,         7,         9,         0,         0,         0,         0,         0,         0,         0,         1,         5,         7,         9,         0,         0,         0,         0,         0,         0,         0,         0,         0,         0,         8,         7,         1,         6,         4,         5,         9,         0,         0,         0,         0,         0,         0,         0,         4,         6,         9,         0,         0,         0,         0,         0,         0,         0,         0,         0,         0,         0]
    specdens_amode: [ 0.1770000000E+04, 0.1797693135+309, 0.1797693135+309, 0.1000000000E+04, 0.1000000000E+04, 0.1700000000E+04, 0.1900000000E+04, 0.2600000000E+04, 0.1601000000E+04, 0.0000000000E+00, 0.0000000000E+00, 0.0000000000E+00, 0.0000000000E+00, 0.0000000000E+00]
    spechygro: [ 0.5070000000E+00, 0.1797693135+309, 0.1797693135+309, 0.1000000083E-09, 0.1400000000E+00, 0.1000000013E-09, 0.1160000000E+01, 0.6800000000E-01, 0.1000000015E+00, 0.0000000000E+00, 0.0000000000E+00, 0.0000000000E+00, 0.0000000000E+00, 0.0000000000E+00]
    surften: [ 0.7600000000E-01]
    twothird: [ 0.6666666667E+00]
    sq2: [ 0.1414213562E+01]
    exp45logsig: [ 0.4733757267E+01, 0.2702197556E+01, 0.4733757267E+01, 0.2702197727E+01]
    psat: [         6]
    supersat: [ 0.2000000000E-01, 0.5000000000E-01, 0.1000000000E+00, 0.2000000000E+00, 0.5000000000E+00, 0.1000000000E+01]
    ntot_amode: [         4]
    nspec_amode: [         7,         4,         7,         3]
    voltonumblo_amode: [ 0.2634717443E+22, 0.1073313330E+25, 0.4034552701E+18, 0.7067800158E+24]
    voltonumbhi_amode: [ 0.4736279937E+19, 0.5026599108E+22, 0.6303988596E+16, 0.7067799781E+21]
