# Data at [lat=   39.0553303768561      , lon=   262.904774388088      , k=          54 , time step=        1402 ] 
mam4xx:
  function: ccncalc
input:
  fixed:
    dt:    0.00
    state_q: [ 0.1094110565E-02, 0.8852407620E-05, 0.1410636644E-06, 0.2720075107E+08, 0.1917880446E+03, 0.1165912868E-06, 0.9222525738E-05, 0.3740124858E+02, 0.2238908515E+03, 0.1055973302E-06, 0.9764186961E-10, 0.4377495899E-12, 0.6639386288E-10, 0.5492992953E-14, 0.9667652542E-11, 0.4055138801E-09, 0.1725106466E-10, 0.9860645097E-10, 0.4768114407E-11, 0.4805003129E-12, 0.3741244492E-10, 0.3625206695E-11, 0.8092045279E+08, 0.1116732913E-09, 0.9400280450E-11, 0.3458302042E-13, 0.3751933301E-14, 0.1845807812E+10, 0.1258137929E-11, 0.3647539932E-09, 0.8556510857E-11, 0.1230740754E-12, 0.5257205976E-12, 0.3233061844E-11, 0.8796198710E-13, 0.5083027652E+05, 0.8177934198E-10, 0.2246041871E-10, 0.1811436766E-15, 0.6350318909E+08]
    tair: [ 0.2538687326E+03]
    qcldbrn_num: [ 0.1693789403E+08, 0.6032740836E+07, 0.1481038748E+05, 0.0000000000E+00]
    ncol: [         4]
    cs: [ 0.1010384180E+01]
    pcols: [         4]
    pver: [        72]
    pi: [ 0.3141592654E+01]
    rhoh2o: [ 0.1000000000E+04]
    mwh2o: [ 0.1801600000E+02]
    r_universal: [ 0.8314467591E+04]
    top_lev: [         7]
    surften: [ 0.7600000000E-01]
    twothird: [ 0.6666666667E+00]
    sq2: [ 0.1414213562E+01]
    exp45logsig: [ 0.4733757267E+01, 0.2702197556E+01, 0.4733757267E+01, 0.2702197727E+01]
    psat: [         6]
    supersat: [ 0.2000000000E-01, 0.5000000000E-01, 0.1000000000E+00, 0.2000000000E+00, 0.5000000000E+00, 0.1000000000E+01]
    ntot_amode: [         4]
