# Data at [lat=   39.0553303768561      , lon=   262.904774388088      , k=          54 , time step=        1410 ] 
mam4xx:
  function: ccncalc
input:
  fixed:
    dt:    0.00
    state_q: [ 0.9170423863E-03, 0.2901932102E-04, 0.2769615972E-07, 0.5908504276E+08, 0.3891534895E+00, 0.9869697769E-07, 0.5682492148E-06, 0.8328821771E+02, 0.1801466013E+03, 0.1101265128E-06, 0.1128575663E-09, 0.8223890620E-13, 0.7542154792E-10, 0.7502034674E-13, 0.2132000398E-11, 0.3595282424E-09, 0.1741961609E-10, 0.1038876681E-09, 0.4711181329E-11, 0.4887106997E-12, 0.3497048012E-10, 0.3338771851E-11, 0.8355287741E+08, 0.8865650653E-10, 0.1295583201E-10, 0.3367461363E-13, 0.3577287146E-14, 0.1718199912E+10, 0.1118895342E-11, 0.3464198923E-09, 0.9083822907E-11, 0.1170558528E-12, 0.5063026914E-12, 0.3383040246E-11, 0.8619479045E-13, 0.4801782628E+05, 0.7690474324E-10, 0.2060978096E-10, 0.1573585271E-15, 0.5942563599E+08]
    tair: [ 0.2515033414E+03]
    qcldbrn_num: [ 0.3678293277E+08, 0.2196882464E+08, 0.2428660937E+05, 0.0000000000E+00]
    ncol: [         4]
    cs: [ 0.1022789508E+01]
    pcols: [         4]
    pver: [        72]
    pi: [ 0.3141592654E+01]
    rhoh2o: [ 0.1000000000E+04]
    mwh2o: [ 0.1801600000E+02]
    r_universal: [ 0.8314467591E+04]
    top_lev: [         7]
    surften: [ 0.7600000000E-01]
    twothird: [ 0.6666666667E+00]
    sq2: [ 0.1414213562E+01]
    exp45logsig: [ 0.4733757267E+01, 0.2702197556E+01, 0.4733757267E+01, 0.2702197727E+01]
    psat: [         6]
    supersat: [ 0.2000000000E-01, 0.5000000000E-01, 0.1000000000E+00, 0.2000000000E+00, 0.5000000000E+00, 0.1000000000E+01]
    ntot_amode: [         4]
