# Data at [lat=   39.0553303768561      , lon=   262.904774388088      , k=          54 , time step=        1404 ] 
mam4xx:
  function: ccncalc
input:
  fixed:
    dt:    0.00
    state_q: [ 0.9998584073E-03, 0.4024756731E-05, 0.7554200101E-07, 0.2384519997E+08, 0.1332329547E+03, 0.5468491666E-07, 0.4103397427E-05, 0.3937555788E+02, 0.2047739287E+03, 0.1068381582E-06, 0.1069737162E-09, 0.7284956191E-12, 0.6347611197E-10, 0.3488483406E-14, 0.9567005841E-11, 0.3809149578E-09, 0.1646469477E-10, 0.1028912827E-09, 0.4634320792E-11, 0.5196342645E-12, 0.4012709137E-10, 0.3800100825E-11, 0.8127569382E+08, 0.1075118371E-09, 0.9964289721E-11, 0.3628994780E-13, 0.3907060129E-14, 0.1792849055E+10, 0.1258517444E-11, 0.3935469305E-09, 0.8054234500E-11, 0.1038144049E-12, 0.4323811677E-12, 0.3084690158E-11, 0.8220943965E-13, 0.5466791811E+05, 0.7977412510E-10, 0.2183684133E-10, 0.1772378941E-15, 0.6205242524E+08]
    tair: [ 0.2530799514E+03]
    qcldbrn_num: [ 0.1001510631E+08, 0.3835619332E+07, 0.9458105713E+04, 0.0000000000E+00]
    ncol: [         4]
    cs: [ 0.1014345531E+01]
    pcols: [         4]
    pver: [        72]
    pi: [ 0.3141592654E+01]
    rhoh2o: [ 0.1000000000E+04]
    mwh2o: [ 0.1801600000E+02]
    r_universal: [ 0.8314467591E+04]
    top_lev: [         7]
    lmassptr_amode: [        16,        17,        18,        19,        20,        21,        22,         0,         0,         0,         0,         0,         0,         0,        24,        25,        26,        27,         0,         0,         0,         0,         0,         0,         0,         0,         0,         0,        29,        30,        31,        32,        33,        34,        35,         0,         0,         0,         0,         0,         0,         0,        37,        38,        39,         0,         0,         0,         0,         0,         0,         0,         0,         0,         0,         0]
    numptr_amode: [        23,        28,        36,        40]
    lspectype_amode: [         1,         4,         5,         6,         8,         7,         9,         0,         0,         0,         0,         0,         0,         0,         1,         5,         7,         9,         0,         0,         0,         0,         0,         0,         0,         0,         0,         0,         8,         7,         1,         6,         4,         5,         9,         0,         0,         0,         0,         0,         0,         0,         4,         6,         9,         0,         0,         0,         0,         0,         0,         0,         0,         0,         0,         0]
    specdens_amode: [ 0.1770000000E+04, 0.1797693135+309, 0.1797693135+309, 0.1000000000E+04, 0.1000000000E+04, 0.1700000000E+04, 0.1900000000E+04, 0.2600000000E+04, 0.1601000000E+04, 0.0000000000E+00, 0.0000000000E+00, 0.0000000000E+00, 0.0000000000E+00, 0.0000000000E+00]
    spechygro: [ 0.5070000000E+00, 0.1797693135+309, 0.1797693135+309, 0.1000000083E-09, 0.1400000000E+00, 0.1000000013E-09, 0.1160000000E+01, 0.6800000000E-01, 0.1000000015E+00, 0.0000000000E+00, 0.0000000000E+00, 0.0000000000E+00, 0.0000000000E+00, 0.0000000000E+00]
    surften: [ 0.7600000000E-01]
    twothird: [ 0.6666666667E+00]
    sq2: [ 0.1414213562E+01]
    exp45logsig: [ 0.4733757267E+01, 0.2702197556E+01, 0.4733757267E+01, 0.2702197727E+01]
    psat: [         6]
    supersat: [ 0.2000000000E-01, 0.5000000000E-01, 0.1000000000E+00, 0.2000000000E+00, 0.5000000000E+00, 0.1000000000E+01]
    ntot_amode: [         4]
    nspec_amode: [         7,         4,         7,         3]
    voltonumblo_amode: [ 0.2634717443E+22, 0.1073313330E+25, 0.4034552701E+18, 0.7067800158E+24]
    voltonumbhi_amode: [ 0.4736279937E+19, 0.5026599108E+22, 0.6303988596E+16, 0.7067799781E+21]
