# Data at [lat=   39.0553303768561      , lon=   262.904774388088      , k=          54 , time step=        1411 ] 
mam4xx:
  function: ccncalc
input:
  fixed:
    dt:    0.00
    state_q: [ 0.9309787026E-03, 0.5050540575E-04, 0.2952377069E-07, 0.7047243273E+08, 0.3562468316E+00, 0.8612901921E-07, 0.1988911702E-05, 0.1258562432E+03, 0.1813863489E+03, 0.1103563320E-06, 0.1035443137E-09, 0.8295834917E-13, 0.6595052173E-10, 0.8118500705E-13, 0.3179873471E-11, 0.3542809845E-09, 0.1693817677E-10, 0.9855405040E-10, 0.4527732899E-11, 0.4573441504E-12, 0.3195781551E-10, 0.3053376116E-11, 0.8948557453E+08, 0.8741035617E-10, 0.1163362113E-10, 0.3136420189E-13, 0.3281996799E-14, 0.1812915323E+10, 0.1004910158E-11, 0.3251635375E-09, 0.9525017415E-11, 0.1203868647E-12, 0.5206643294E-12, 0.3359110716E-11, 0.8602669726E-13, 0.4396521268E+05, 0.7982575536E-10, 0.2124037919E-10, 0.1509650084E-15, 0.6117010670E+08]
    tair: [ 0.2515746600E+03]
    qcldbrn_num: [ 0.5279063409E+08, 0.3030199281E+08, 0.3364846589E+05, 0.0000000000E+00]
    ncol: [         4]
    cs: [ 0.1022183277E+01]
    pcols: [         4]
    pver: [        72]
    pi: [ 0.3141592654E+01]
    rhoh2o: [ 0.1000000000E+04]
    mwh2o: [ 0.1801600000E+02]
    r_universal: [ 0.8314467591E+04]
    top_lev: [         7]
    lmassptr_amode: [        16,        17,        18,        19,        20,        21,        22,         0,         0,         0,         0,         0,         0,         0,        24,        25,        26,        27,         0,         0,         0,         0,         0,         0,         0,         0,         0,         0,        29,        30,        31,        32,        33,        34,        35,         0,         0,         0,         0,         0,         0,         0,        37,        38,        39,         0,         0,         0,         0,         0,         0,         0,         0,         0,         0,         0]
    numptr_amode: [        23,        28,        36,        40]
    lspectype_amode: [         1,         4,         5,         6,         8,         7,         9,         0,         0,         0,         0,         0,         0,         0,         1,         5,         7,         9,         0,         0,         0,         0,         0,         0,         0,         0,         0,         0,         8,         7,         1,         6,         4,         5,         9,         0,         0,         0,         0,         0,         0,         0,         4,         6,         9,         0,         0,         0,         0,         0,         0,         0,         0,         0,         0,         0]
    specdens_amode: [ 0.1770000000E+04, 0.1797693135+309, 0.1797693135+309, 0.1000000000E+04, 0.1000000000E+04, 0.1700000000E+04, 0.1900000000E+04, 0.2600000000E+04, 0.1601000000E+04, 0.0000000000E+00, 0.0000000000E+00, 0.0000000000E+00, 0.0000000000E+00, 0.0000000000E+00]
    spechygro: [ 0.5070000000E+00, 0.1797693135+309, 0.1797693135+309, 0.1000000083E-09, 0.1400000000E+00, 0.1000000013E-09, 0.1160000000E+01, 0.6800000000E-01, 0.1000000015E+00, 0.0000000000E+00, 0.0000000000E+00, 0.0000000000E+00, 0.0000000000E+00, 0.0000000000E+00]
    surften: [ 0.7600000000E-01]
    twothird: [ 0.6666666667E+00]
    sq2: [ 0.1414213562E+01]
    exp45logsig: [ 0.4733757267E+01, 0.2702197556E+01, 0.4733757267E+01, 0.2702197727E+01]
    psat: [         6]
    supersat: [ 0.2000000000E-01, 0.5000000000E-01, 0.1000000000E+00, 0.2000000000E+00, 0.5000000000E+00, 0.1000000000E+01]
    ntot_amode: [         4]
    nspec_amode: [         7,         4,         7,         3]
    voltonumblo_amode: [ 0.2634717443E+22, 0.1073313330E+25, 0.4034552701E+18, 0.7067800158E+24]
    voltonumbhi_amode: [ 0.4736279937E+19, 0.5026599108E+22, 0.6303988596E+16, 0.7067799781E+21]
