# Data at [lat=   39.0553303768561      , lon=   262.904774388088      , k=          54 , time step=        1407 ] 
mam4xx:
  function: ccncalc
input:
  fixed:
    dt:    0.00
    state_q: [ 0.8855783317E-03, 0.1915605831E-05, 0.1257417738E-07, 0.1630526285E+08, 0.1624395105E+02, 0.1455804725E-05, 0.4162961558E-05, 0.2973020930E+02, 0.1615843806E+03, 0.1087962377E-06, 0.1188505237E-09, 0.7234889013E-12, 0.5594434809E-10, 0.3836644322E-14, 0.5622066462E-11, 0.4615164151E-09, 0.2179011512E-10, 0.1340896939E-09, 0.6071567371E-11, 0.6596899369E-12, 0.4957772231E-10, 0.4735810385E-11, 0.9404065053E+08, 0.1040414249E-09, 0.1240771809E-10, 0.3804457964E-13, 0.4069946254E-14, 0.1709435256E+10, 0.1584926463E-11, 0.4885266114E-09, 0.1083249019E-10, 0.1418671389E-12, 0.6080054067E-12, 0.4211519310E-11, 0.1109356927E-12, 0.6767805762E+05, 0.7637095297E-10, 0.2077809203E-10, 0.1693268405E-15, 0.5949835214E+08]
    tair: [ 0.2521759162E+03]
    qcldbrn_num: [ 0.8864941701E+06, 0.2331045673E+06, 0.9434020219E+03, 0.0000000000E+00]
    ncol: [         4]
    cs: [ 0.1019785295E+01]
    pcols: [         4]
    pver: [        72]
    pi: [ 0.3141592654E+01]
    rhoh2o: [ 0.1000000000E+04]
    mwh2o: [ 0.1801600000E+02]
    r_universal: [ 0.8314467591E+04]
    top_lev: [         7]
    lmassptr_amode: [        16,        17,        18,        19,        20,        21,        22,         0,         0,         0,         0,         0,         0,         0,        24,        25,        26,        27,         0,         0,         0,         0,         0,         0,         0,         0,         0,         0,        29,        30,        31,        32,        33,        34,        35,         0,         0,         0,         0,         0,         0,         0,        37,        38,        39,         0,         0,         0,         0,         0,         0,         0,         0,         0,         0,         0]
    numptr_amode: [        23,        28,        36,        40]
    lspectype_amode: [         1,         4,         5,         6,         8,         7,         9,         0,         0,         0,         0,         0,         0,         0,         1,         5,         7,         9,         0,         0,         0,         0,         0,         0,         0,         0,         0,         0,         8,         7,         1,         6,         4,         5,         9,         0,         0,         0,         0,         0,         0,         0,         4,         6,         9,         0,         0,         0,         0,         0,         0,         0,         0,         0,         0,         0]
    specdens_amode: [ 0.1770000000E+04, 0.1797693135+309, 0.1797693135+309, 0.1000000000E+04, 0.1000000000E+04, 0.1700000000E+04, 0.1900000000E+04, 0.2600000000E+04, 0.1601000000E+04, 0.0000000000E+00, 0.0000000000E+00, 0.0000000000E+00, 0.0000000000E+00, 0.0000000000E+00]
    spechygro: [ 0.5070000000E+00, 0.1797693135+309, 0.1797693135+309, 0.1000000083E-09, 0.1400000000E+00, 0.1000000013E-09, 0.1160000000E+01, 0.6800000000E-01, 0.1000000015E+00, 0.0000000000E+00, 0.0000000000E+00, 0.0000000000E+00, 0.0000000000E+00, 0.0000000000E+00]
    surften: [ 0.7600000000E-01]
    twothird: [ 0.6666666667E+00]
    sq2: [ 0.1414213562E+01]
    exp45logsig: [ 0.4733757267E+01, 0.2702197556E+01, 0.4733757267E+01, 0.2702197727E+01]
    psat: [         6]
    supersat: [ 0.2000000000E-01, 0.5000000000E-01, 0.1000000000E+00, 0.2000000000E+00, 0.5000000000E+00, 0.1000000000E+01]
    ntot_amode: [         4]
    nspec_amode: [         7,         4,         7,         3]
    voltonumblo_amode: [ 0.2634717443E+22, 0.1073313330E+25, 0.4034552701E+18, 0.7067800158E+24]
    voltonumbhi_amode: [ 0.4736279937E+19, 0.5026599108E+22, 0.6303988596E+16, 0.7067799781E+21]
