# Data at [lat=   39.0553303768561      , lon=   262.904774388088      , k=          54 , time step=        1409 ] 
mam4xx:
  function: ccncalc
input:
  fixed:
    dt:    0.00
    state_q: [ 0.8745236672E-03, 0.6757378534E-05, 0.2169041591E-07, 0.1640158787E+08, 0.1138853974E+01, 0.1280605790E-05, 0.5872739276E-06, 0.9740281803E+01, 0.1566132618E+03, 0.1099224297E-06, 0.1209567687E-09, 0.1524761717E-12, 0.6995943537E-10, 0.4989492607E-13, 0.9424440098E-12, 0.4676660703E-09, 0.2340407963E-10, 0.1425519224E-09, 0.6437738799E-11, 0.6786674113E-12, 0.4903801065E-10, 0.4679938966E-11, 0.9832092020E+08, 0.9776276575E-10, 0.1522790094E-10, 0.3844116872E-13, 0.4095374444E-14, 0.1659149461E+10, 0.1575846800E-11, 0.4801137536E-09, 0.1111047133E-10, 0.1442394068E-12, 0.6229378724E-12, 0.4368170301E-11, 0.1117821812E-12, 0.6713355509E+05, 0.7412694585E-10, 0.2008389407E-10, 0.1639898396E-15, 0.5772692299E+08]
    tair: [ 0.2517191301E+03]
    qcldbrn_num: [ 0.6391191909E+07, 0.3176580310E+07, 0.5433647386E+04, 0.0000000000E+00]
    ncol: [         4]
    cs: [ 0.1022282793E+01]
    pcols: [         4]
    pver: [        72]
    pi: [ 0.3141592654E+01]
    rhoh2o: [ 0.1000000000E+04]
    mwh2o: [ 0.1801600000E+02]
    r_universal: [ 0.8314467591E+04]
    top_lev: [         7]
    lmassptr_amode: [        16,        17,        18,        19,        20,        21,        22,         0,         0,         0,         0,         0,         0,         0,        24,        25,        26,        27,         0,         0,         0,         0,         0,         0,         0,         0,         0,         0,        29,        30,        31,        32,        33,        34,        35,         0,         0,         0,         0,         0,         0,         0,        37,        38,        39,         0,         0,         0,         0,         0,         0,         0,         0,         0,         0,         0]
    numptr_amode: [        23,        28,        36,        40]
    lspectype_amode: [         1,         4,         5,         6,         8,         7,         9,         0,         0,         0,         0,         0,         0,         0,         1,         5,         7,         9,         0,         0,         0,         0,         0,         0,         0,         0,         0,         0,         8,         7,         1,         6,         4,         5,         9,         0,         0,         0,         0,         0,         0,         0,         4,         6,         9,         0,         0,         0,         0,         0,         0,         0,         0,         0,         0,         0]
    specdens_amode: [ 0.1770000000E+04, 0.1797693135+309, 0.1797693135+309, 0.1000000000E+04, 0.1000000000E+04, 0.1700000000E+04, 0.1900000000E+04, 0.2600000000E+04, 0.1601000000E+04, 0.0000000000E+00, 0.0000000000E+00, 0.0000000000E+00, 0.0000000000E+00, 0.0000000000E+00]
    spechygro: [ 0.5070000000E+00, 0.1797693135+309, 0.1797693135+309, 0.1000000083E-09, 0.1400000000E+00, 0.1000000013E-09, 0.1160000000E+01, 0.6800000000E-01, 0.1000000015E+00, 0.0000000000E+00, 0.0000000000E+00, 0.0000000000E+00, 0.0000000000E+00, 0.0000000000E+00]
    surften: [ 0.7600000000E-01]
    twothird: [ 0.6666666667E+00]
    sq2: [ 0.1414213562E+01]
    exp45logsig: [ 0.4733757267E+01, 0.2702197556E+01, 0.4733757267E+01, 0.2702197727E+01]
    psat: [         6]
    supersat: [ 0.2000000000E-01, 0.5000000000E-01, 0.1000000000E+00, 0.2000000000E+00, 0.5000000000E+00, 0.1000000000E+01]
    ntot_amode: [         4]
    nspec_amode: [         7,         4,         7,         3]
    voltonumblo_amode: [ 0.2634717443E+22, 0.1073313330E+25, 0.4034552701E+18, 0.7067800158E+24]
    voltonumbhi_amode: [ 0.4736279937E+19, 0.5026599108E+22, 0.6303988596E+16, 0.7067799781E+21]
