# Data at [lat=   39.0553303768561      , lon=   262.904774388088      , k=          54 , time step=        1408 ] 
mam4xx:
  function: loadaer
input:
  fixed:
    dt:    0.00
    state_q: [0.8588237917E-003,0.2504580374E-005,0.9072785867E-008,0.8122354286E+007,0.4631299617E+001,0.1002944248E-005,0.2907788248E-005,0.1460889834E+002,0.1546085739E+003,0.1094115893E-006,0.1210659749E-009,0.4675548138E-012,0.5895504238E-010,0.7441309694E-014,0.2589297981E-011,0.4930494281E-009,0.2445401010E-010,0.1523461865E-009,0.6795722384E-011,0.7508899545E-012,0.5497603814E-010,0.5262993707E-011,0.1011612082E+009,0.1007857590E-009,0.1438082561E-010,0.3964835374E-013,0.4240640045E-014,0.1655706209E+010,0.1794881812E-011,0.5493347761E-009,0.1179101640E-010,0.1561216861E-012,0.6735529608E-012,0.4734832845E-011,0.1232285445E-012,0.7554847689E+005,0.7382391696E-010,0.2010535682E-010,0.1693018110E-015,0.5764266888E+008]
    cs: [0.1021027124E+001]
    phase: [         3]
    qcldbrn1d: [0.3983450695E-012,0.1853625957E-013,0.1086869894E-012,0.5046331623E-014,0.5287365464E-015,0.3783278666E-013,0.3617263964E-014,0.1797693135E+309,0.1797693135E+309,0.1797693135E+309,0.1797693135E+309,0.1797693135E+309,0.1797693135E+309,0.1797693135E+309,0.1654698070E-013,0.1726114774E-014,0.5005522886E-017,0.5355292629E-018,0.1797693135E+309,0.1797693135E+309,0.1797693135E+309,0.1797693135E+309,0.1797693135E+309,0.1797693135E+309,0.1797693135E+309,0.1797693135E+309,0.1797693135E+309,0.1797693135E+309,0.1316283147E-014,0.3864054548E-012,0.9835278449E-014,0.1263283064E-015,0.5370576649E-015,0.3626712818E-014,0.9512701468E-016,0.1797693135E+309,0.1797693135E+309,0.1797693135E+309,0.1797693135E+309,0.1797693135E+309,0.1797693135E+309,0.1797693135E+309,0.0000000000E+000,0.0000000000E+000,0.0000000000E+000,0.1797693135E+309,0.1797693135E+309,0.1797693135E+309,0.1797693135E+309,0.1797693135E+309,0.1797693135E+309,0.1797693135E+309,0.1797693135E+309,0.1797693135E+309,0.1797693135E+309,0.1797693135E+309]
    qcldbrn1d_num: [0.5370768193E+005,0.1391276986E+005,0.5361412692E+002,0.0000000000E+000]
    maxd_aspectype: [        14]
    ntot_amode: [         4]
