# Data at [lat=   39.0553303768561      , lon=   262.904774388088      , k=          54 , time step=        1402 ] 
mam4xx:
  function: loadaer
input:
  fixed:
    dt:    0.00
    state_q: [ 0.1094110565E-02, 0.8852407620E-05, 0.1410636644E-06, 0.2720075107E+08, 0.1917880446E+03, 0.1165912868E-06, 0.9222525738E-05, 0.3740124858E+02, 0.2238908515E+03, 0.1055973302E-06, 0.9764186961E-10, 0.4377495899E-12, 0.6639386288E-10, 0.5492992953E-14, 0.9667652542E-11, 0.4055138801E-09, 0.1725106466E-10, 0.9860645097E-10, 0.4768114407E-11, 0.4805003129E-12, 0.3741244492E-10, 0.3625206695E-11, 0.8092045279E+08, 0.1116732913E-09, 0.9400280450E-11, 0.3458302042E-13, 0.3751933301E-14, 0.1845807812E+10, 0.1258137929E-11, 0.3647539932E-09, 0.8556510857E-11, 0.1230740754E-12, 0.5257205976E-12, 0.3233061844E-11, 0.8796198710E-13, 0.5083027652E+05, 0.8177934198E-10, 0.2246041871E-10, 0.1811436766E-15, 0.6350318909E+08]
    cs: [ 0.1010384180E+01]
    phase: [         3]
    qcldbrn1d: [ 0.1317547753E-09, 0.5197660617E-11, 0.2900302842E-10, 0.1444566806E-11, 0.1380195416E-12, 0.1111526418E-10, 0.1063797692E-11, 0.1797693135+309, 0.1797693135+309, 0.1797693135+309, 0.1797693135+309, 0.1797693135+309, 0.1797693135+309, 0.1797693135+309, 0.6751716776E-11, 0.5266236145E-12, 0.1816806345E-14, 0.1972505687E-15, 0.1797693135+309, 0.1797693135+309, 0.1797693135+309, 0.1797693135+309, 0.1797693135+309, 0.1797693135+309, 0.1797693135+309, 0.1797693135+309, 0.1797693135+309, 0.1797693135+309, 0.3785422899E-12, 0.1123845042E-09, 0.2756229466E-11, 0.3636267608E-13, 0.1500316521E-12, 0.9862429638E-12, 0.2665133707E-13, 0.1797693135+309, 0.1797693135+309, 0.1797693135+309, 0.1797693135+309, 0.1797693135+309, 0.1797693135+309, 0.1797693135+309, 0.0000000000E+00, 0.0000000000E+00, 0.0000000000E+00, 0.1797693135+309, 0.1797693135+309, 0.1797693135+309, 0.1797693135+309, 0.1797693135+309, 0.1797693135+309, 0.1797693135+309, 0.1797693135+309, 0.1797693135+309, 0.1797693135+309, 0.1797693135+309]
    qcldbrn1d_num: [ 0.1693789403E+08, 0.6032740836E+07, 0.1481038748E+05, 0.0000000000E+00]
    maxd_aspectype: [        14]
    ntot_amode: [         4]
