# Data at [lat=   39.0553303768561      , lon=   262.904774388088      , k=          54 , time step=        1407 ] 
mam4xx:
  function: loadaer
input:
  fixed:
    dt:    0.00
    state_q: [0.8855783317E-003,0.1915605831E-005,0.1257417738E-007,0.1630526285E+008,0.1624395105E+002,0.1455804725E-005,0.4162961558E-005,0.2973020930E+002,0.1615843806E+003,0.1087962377E-006,0.1188505237E-009,0.7234889013E-012,0.5594434809E-010,0.3836644322E-014,0.5622066462E-011,0.4615164151E-009,0.2179011512E-010,0.1340896939E-009,0.6071567371E-011,0.6596899369E-012,0.4957772231E-010,0.4735810385E-011,0.9404065053E+008,0.1040414249E-009,0.1240771809E-010,0.3804457964E-013,0.4069946254E-014,0.1709435256E+010,0.1584926463E-011,0.4885266114E-009,0.1083249019E-010,0.1418671389E-012,0.6080054067E-012,0.4211519310E-011,0.1109356927E-012,0.6767805762E+005,0.7637095297E-010,0.2077809203E-010,0.1693268405E-015,0.5949835214E+008]
    cs: [0.1019785295E+001]
    phase: [         3]
    qcldbrn1d: [0.1056112823E-010,0.5000151145E-012,0.3028966180E-011,0.1383386229E-012,0.1496984661E-013,0.1094909786E-011,0.1045892858E-012,0.1797693135E+309,0.1797693135E+309,0.1797693135E+309,0.1797693135E+309,0.1797693135E+309,0.1797693135E+309,0.1797693135E+309,0.4274288616E-012,0.4675886932E-013,0.1408508878E-015,0.1513913237E-016,0.1797693135E+309,0.1797693135E+309,0.1797693135E+309,0.1797693135E+309,0.1797693135E+309,0.1797693135E+309,0.1797693135E+309,0.1797693135E+309,0.1797693135E+309,0.1797693135E+309,0.3704150819E-013,0.1092144710E-010,0.2441644018E-012,0.3219444651E-014,0.1372675693E-013,0.9499132799E-013,0.2516778749E-014,0.1797693135E+309,0.1797693135E+309,0.1797693135E+309,0.1797693135E+309,0.1797693135E+309,0.1797693135E+309,0.1797693135E+309,0.0000000000E+000,0.0000000000E+000,0.0000000000E+000,0.1797693135E+309,0.1797693135E+309,0.1797693135E+309,0.1797693135E+309,0.1797693135E+309,0.1797693135E+309,0.1797693135E+309,0.1797693135E+309,0.1797693135E+309,0.1797693135E+309,0.1797693135E+309]
    qcldbrn1d_num: [0.8864941701E+006,0.2331045673E+006,0.9434020219E+003,0.0000000000E+000]
    maxd_aspectype: [        14]
    ntot_amode: [         4]
