# Data at [lat=   39.0553303768561      , lon=   262.904774388088      , k=          54 , time step=        1403 ] 
mam4xx:
  function: loadaer
input:
  fixed:
    dt:    0.00
    state_q: [0.1044824939E-002,0.6085729848E-005,0.1314083428E-006,0.2443794694E+008,0.1767256667E+003,0.1624265715E-006,0.5569224981E-005,0.3937843535E+002,0.2258418536E+003,0.1062048747E-006,0.1024948731E-009,0.6016128414E-012,0.6578100822E-010,0.4090742984E-014,0.9595211178E-011,0.3874974446E-009,0.1646488252E-010,0.9936749902E-010,0.4608323710E-011,0.4932205436E-012,0.3832837490E-010,0.3673205428E-011,0.8055943839E+008,0.1091773320E-009,0.9719507875E-011,0.3546076464E-013,0.3830870682E-014,0.1815222239E+010,0.1224838404E-011,0.3756286438E-009,0.8092434032E-011,0.1086422409E-012,0.4586829587E-012,0.3061004586E-011,0.8229225569E-013,0.5215449472E+005,0.8050605109E-010,0.2210486508E-010,0.1795285585E-015,0.6259074834E+008]
    cs: [0.1012340558E+001]
    phase: [         3]
    qcldbrn1d: [0.1073835100E-009,0.4403386347E-011,0.2518973708E-010,0.1224850470E-011,0.1209796499E-012,0.9574514913E-011,0.9171849014E-012,0.1797693135E+309,0.1797693135E+309,0.1797693135E+309,0.1797693135E+309,0.1797693135E+309,0.1797693135E+309,0.1797693135E+309,0.5642457739E-011,0.4680096852E-012,0.1620082663E-014,0.1753599751E-015,0.1797693135E+309,0.1797693135E+309,0.1797693135E+309,0.1797693135E+309,0.1797693135E+309,0.1797693135E+309,0.1797693135E+309,0.1797693135E+309,0.1797693135E+309,0.1797693135E+309,0.3214960550E-012,0.9588737554E-010,0.2301106886E-011,0.3066332364E-013,0.1282396005E-012,0.8413933765E-012,0.2264474284E-013,0.1797693135E+309,0.1797693135E+309,0.1797693135E+309,0.1797693135E+309,0.1797693135E+309,0.1797693135E+309,0.1797693135E+309,0.0000000000E+000,0.0000000000E+000,0.0000000000E+000,0.1797693135E+309,0.1797693135E+309,0.1797693135E+309,0.1797693135E+309,0.1797693135E+309,0.1797693135E+309,0.1797693135E+309,0.1797693135E+309,0.1797693135E+309,0.1797693135E+309,0.1797693135E+309]
    qcldbrn1d_num: [0.1398851866E+008,0.5367339704E+007,0.1263473159E+005,0.0000000000E+000]
    maxd_aspectype: [        14]
    ntot_amode: [         4]
