# Data at [lat=   39.0553303768561      , lon=   262.904774388088      , k=          54 , time step=        1401 ] 
mam4xx:
  function: loadaer
input:
  fixed:
    dt:    0.00
    state_q: [ 0.1146294576E-02, 0.1065391680E-04, 0.1400597624E-06, 0.3971139247E+08, 0.1608232751E+03, 0.5217257406E-06, 0.1132325812E-04, 0.7181968139E+02, 0.2309508655E+03, 0.1050686151E-06, 0.9228049005E-10, 0.1549630599E-12, 0.6539931143E-10, 0.7293709360E-14, 0.9480058136E-11, 0.3052692482E-09, 0.1233310176E-10, 0.7219427831E-10, 0.3469969471E-11, 0.3522069098E-12, 0.2861484372E-10, 0.2716573769E-11, 0.7231441453E+08, 0.1097107013E-09, 0.9124944535E-11, 0.3279516247E-13, 0.3576742072E-14, 0.1871787179E+10, 0.9241372610E-12, 0.2858107310E-09, 0.5953373447E-11, 0.7697074369E-13, 0.3117774367E-12, 0.2253978638E-11, 0.6109143111E-13, 0.3881479049E+05, 0.8265350834E-10, 0.2274740362E-10, 0.1829019741E-15, 0.6408130372E+08]
    cs: [ 0.1008749936E+01]
    phase: [         3]
    qcldbrn1d: [ 0.1584935791E-09, 0.5878597154E-11, 0.3231868519E-10, 0.1637477294E-11, 0.1527889249E-12, 0.1249653836E-10, 0.1192512709E-11, 0.1797693135+309, 0.1797693135+309, 0.1797693135+309, 0.1797693135+309, 0.1797693135+309, 0.1797693135+309, 0.1797693135+309, 0.8946751964E-11, 0.5905152351E-12, 0.2046385777E-14, 0.2235459841E-15, 0.1797693135+309, 0.1797693135+309, 0.1797693135+309, 0.1797693135+309, 0.1797693135+309, 0.1797693135+309, 0.1797693135+309, 0.1797693135+309, 0.1797693135+309, 0.1797693135+309, 0.4324069760E-12, 0.1285617527E-09, 0.3141690925E-11, 0.4039319339E-13, 0.1634267105E-12, 0.1104288473E-11, 0.2988585739E-13, 0.1797693135+309, 0.1797693135+309, 0.1797693135+309, 0.1797693135+309, 0.1797693135+309, 0.1797693135+309, 0.1797693135+309, 0.0000000000E+00, 0.0000000000E+00, 0.0000000000E+00, 0.1797693135+309, 0.1797693135+309, 0.1797693135+309, 0.1797693135+309, 0.1797693135+309, 0.1797693135+309, 0.1797693135+309, 0.1797693135+309, 0.1797693135+309, 0.1797693135+309, 0.1797693135+309]
    qcldbrn1d_num: [ 0.2013390520E+08, 0.6874613421E+07, 0.1690924975E+05, 0.0000000000E+00]
    maxd_aspectype: [        14]
    ntot_amode: [         4]
