# Data at [lat=   39.0553303768561      , lon=   262.904774388088      , k=          54 , time step=        1414 ] 
mam4xx:
  function: loadaer
input:
  fixed:
    dt:    0.00
    state_q: [ 0.9305474161E-03, 0.9400344481E-04, 0.1442368575E-06, 0.7189596398E+08, 0.1514064664E+03, 0.9049194108E-07, 0.5673825507E-05, 0.8430594513E+03, 0.1944880464E+03, 0.1114194877E-06, 0.8369370679E-10, 0.9806548593E-13, 0.4862691344E-10, 0.9981543046E-13, 0.5582725240E-11, 0.3406335340E-09, 0.1659409322E-10, 0.9691374928E-10, 0.4290469668E-11, 0.4598929975E-12, 0.3006815156E-10, 0.2784725299E-11, 0.1013252585E+09, 0.9013570322E-10, 0.9952791347E-11, 0.2806689469E-13, 0.2993145755E-14, 0.2024421323E+10, 0.1001532377E-11, 0.3544806107E-09, 0.1054727251E-10, 0.1237960249E-12, 0.5197316505E-12, 0.3660121861E-11, 0.9247717423E-13, 0.4197074718E+05, 0.8198840536E-10, 0.2173206367E-10, 0.1438507105E-15, 0.6212431268E+08]
    cs: [ 0.1022116147E+01]
    phase: [         3]
    qcldbrn1d: [ 0.5606314016E-09, 0.2067046866E-10, 0.9583071391E-10, 0.5323410446E-11, 0.4016387340E-12, 0.2952975477E-10, 0.2760085076E-11, 0.1797693135+309, 0.1797693135+309, 0.1797693135+309, 0.1797693135+309, 0.1797693135+309, 0.1797693135+309, 0.1797693135+309, 0.6567335471E-10, 0.1980568650E-11, 0.4912456336E-14, 0.5234153851E-15, 0.1797693135+309, 0.1797693135+309, 0.1797693135+309, 0.1797693135+309, 0.1797693135+309, 0.1797693135+309, 0.1797693135+309, 0.1797693135+309, 0.1797693135+309, 0.1797693135+309, 0.9851887285E-12, 0.3155584294E-09, 0.1436723407E-10, 0.1715613907E-12, 0.7131294294E-12, 0.4244725182E-11, 0.1096371339E-12, 0.1797693135+309, 0.1797693135+309, 0.1797693135+309, 0.1797693135+309, 0.1797693135+309, 0.1797693135+309, 0.1797693135+309, 0.0000000000E+00, 0.0000000000E+00, 0.0000000000E+00, 0.1797693135+309, 0.1797693135+309, 0.1797693135+309, 0.1797693135+309, 0.1797693135+309, 0.1797693135+309, 0.1797693135+309, 0.1797693135+309, 0.1797693135+309, 0.1797693135+309, 0.1797693135+309]
    qcldbrn1d_num: [ 0.6854426971E+08, 0.2804301625E+08, 0.4154386963E+05, 0.0000000000E+00]
    maxd_aspectype: [        14]
    ntot_amode: [         4]
