# Data at [lat=   39.0553303768561      , lon=   262.904774388088      , k=          54 , time step=        1401 ] 
mam4xx:
  function: loadaer
input:
  fixed:
    dt:    0.00
    state_q: [0.1146294576E-002,0.1065391680E-004,0.1400597624E-006,0.3971139247E+008,0.1608232751E+003,0.5217257406E-006,0.1132325812E-004,0.7181968139E+002,0.2309508655E+003,0.1050686151E-006,0.9228049005E-010,0.1549630599E-012,0.6539931143E-010,0.7293709360E-014,0.9480058136E-011,0.3052692482E-009,0.1233310176E-010,0.7219427831E-010,0.3469969471E-011,0.3522069098E-012,0.2861484372E-010,0.2716573769E-011,0.7231441453E+008,0.1097107013E-009,0.9124944535E-011,0.3279516247E-013,0.3576742072E-014,0.1871787179E+010,0.9241372610E-012,0.2858107310E-009,0.5953373447E-011,0.7697074369E-013,0.3117774367E-012,0.2253978638E-011,0.6109143111E-013,0.3881479049E+005,0.8265350834E-010,0.2274740362E-010,0.1829019741E-015,0.6408130372E+008]
    cs: [0.1008749936E+001]
    phase: [         3]
    qcldbrn1d: [0.1584935791E-009,0.5878597154E-011,0.3231868519E-010,0.1637477294E-011,0.1527889249E-012,0.1249653836E-010,0.1192512709E-011,0.1797693135E+309,0.1797693135E+309,0.1797693135E+309,0.1797693135E+309,0.1797693135E+309,0.1797693135E+309,0.1797693135E+309,0.8946751964E-011,0.5905152351E-012,0.2046385777E-014,0.2235459841E-015,0.1797693135E+309,0.1797693135E+309,0.1797693135E+309,0.1797693135E+309,0.1797693135E+309,0.1797693135E+309,0.1797693135E+309,0.1797693135E+309,0.1797693135E+309,0.1797693135E+309,0.4324069760E-012,0.1285617527E-009,0.3141690925E-011,0.4039319339E-013,0.1634267105E-012,0.1104288473E-011,0.2988585739E-013,0.1797693135E+309,0.1797693135E+309,0.1797693135E+309,0.1797693135E+309,0.1797693135E+309,0.1797693135E+309,0.1797693135E+309,0.0000000000E+000,0.0000000000E+000,0.0000000000E+000,0.1797693135E+309,0.1797693135E+309,0.1797693135E+309,0.1797693135E+309,0.1797693135E+309,0.1797693135E+309,0.1797693135E+309,0.1797693135E+309,0.1797693135E+309,0.1797693135E+309,0.1797693135E+309]
    qcldbrn1d_num: [0.2013390520E+008,0.6874613421E+007,0.1690924975E+005,0.0000000000E+000]
    maxd_aspectype: [        14]
    ntot_amode: [         4]
