# Data at [lat=   39.0553303768561      , lon=   262.904774388088      , k=          54 , time step=        1404 ] 
mam4xx:
  function: loadaer
input:
  fixed:
    dt:    0.00
    state_q: [ 0.9998584073E-03, 0.4024756731E-05, 0.7554200101E-07, 0.2384519997E+08, 0.1332329547E+03, 0.5468491666E-07, 0.4103397427E-05, 0.3937555788E+02, 0.2047739287E+03, 0.1068381582E-06, 0.1069737162E-09, 0.7284956191E-12, 0.6347611197E-10, 0.3488483406E-14, 0.9567005841E-11, 0.3809149578E-09, 0.1646469477E-10, 0.1028912827E-09, 0.4634320792E-11, 0.5196342645E-12, 0.4012709137E-10, 0.3800100825E-11, 0.8127569382E+08, 0.1075118371E-09, 0.9964289721E-11, 0.3628994780E-13, 0.3907060129E-14, 0.1792849055E+10, 0.1258517444E-11, 0.3935469305E-09, 0.8054234500E-11, 0.1038144049E-12, 0.4323811677E-12, 0.3084690158E-11, 0.8220943965E-13, 0.5466791811E+05, 0.7977412510E-10, 0.2183684133E-10, 0.1772378941E-15, 0.6205242524E+08]
    cs: [ 0.1014345531E+01]
    phase: [         3]
    qcldbrn1d: [ 0.7692580626E-10, 0.3237569537E-11, 0.1920869636E-10, 0.9043791983E-12, 0.9376426426E-13, 0.7279249950E-11, 0.6948732280E-12, 0.1797693135+309, 0.1797693135+309, 0.1797693135+309, 0.1797693135+309, 0.1797693135+309, 0.1797693135+309, 0.1797693135+309, 0.4023147339E-11, 0.3492665418E-12, 0.1221347681E-14, 0.1318258196E-15, 0.1797693135+309, 0.1797693135+309, 0.1797693135+309, 0.1797693135+309, 0.1797693135+309, 0.1797693135+309, 0.1797693135+309, 0.1797693135+309, 0.1797693135+309, 0.1797693135+309, 0.2417588260E-12, 0.7292722966E-10, 0.1676027731E-11, 0.2210173004E-13, 0.9273383130E-13, 0.6238498482E-12, 0.1672238436E-13, 0.1797693135+309, 0.1797693135+309, 0.1797693135+309, 0.1797693135+309, 0.1797693135+309, 0.1797693135+309, 0.1797693135+309, 0.0000000000E+00, 0.0000000000E+00, 0.0000000000E+00, 0.1797693135+309, 0.1797693135+309, 0.1797693135+309, 0.1797693135+309, 0.1797693135+309, 0.1797693135+309, 0.1797693135+309, 0.1797693135+309, 0.1797693135+309, 0.1797693135+309, 0.1797693135+309]
    qcldbrn1d_num: [ 0.1001510631E+08, 0.3835619332E+07, 0.9458105713E+04, 0.0000000000E+00]
    maxd_aspectype: [        14]
    ntot_amode: [         4]
