# Data at [lat=   39.0553303768561      , lon=   262.904774388088      , k=          54 , time step=        1400 ] 
mam4xx:
  function: loadaer
input:
  fixed:
    dt:    0.00
    state_q: [0.1192171236E-002,0.1427865566E-004,0.5262019086E-007,0.4480487717E+008,0.1047736150E+003,0.3469094285E-007,0.9280714964E-005,0.1031333272E+003,0.2346864156E+003,0.1045838394E-006,0.8922178911E-010,0.1302257789E-012,0.6937768232E-010,0.1009160640E-013,0.9155126668E-011,0.2797610104E-009,0.1137721515E-010,0.6579196467E-010,0.3205462323E-011,0.3149027399E-012,0.2622159748E-010,0.2481877639E-011,0.6854445134E+008,0.1057073068E-009,0.9207919420E-011,0.3201740037E-013,0.3514797111E-014,0.1885024742E+010,0.8468185566E-012,0.2618974569E-009,0.5126477313E-011,0.6720065463E-013,0.2704286528E-012,0.1997944504E-011,0.5447647513E-013,0.3556397497E+005,0.8265740321E-010,0.2282788612E-010,0.1863010407E-015,0.6410067408E+008]
    cs: [0.1007216408E+001]
    phase: [         3]
    qcldbrn1d: [0.2213249265E-009,0.7922612769E-011,0.4251119329E-010,0.2215024384E-011,0.1990089849E-012,0.1649824802E-010,0.1575236595E-011,0.1797693135E+309,0.1797693135E+309,0.1797693135E+309,0.1797693135E+309,0.1797693135E+309,0.1797693135E+309,0.1797693135E+309,0.1423527177E-010,0.8412653707E-012,0.2904688414E-014,0.3195659555E-015,0.1797693135E+309,0.1797693135E+309,0.1797693135E+309,0.1797693135E+309,0.1797693135E+309,0.1797693135E+309,0.1797693135E+309,0.1797693135E+309,0.1797693135E+309,0.1797693135E+309,0.5808381200E-012,0.1716265452E-009,0.4241829266E-011,0.5539793665E-013,0.2227865374E-012,0.1479357989E-011,0.4025500989E-013,0.1797693135E+309,0.1797693135E+309,0.1797693135E+309,0.1797693135E+309,0.1797693135E+309,0.1797693135E+309,0.1797693135E+309,0.0000000000E+000,0.0000000000E+000,0.0000000000E+000,0.1797693135E+309,0.1797693135E+309,0.1797693135E+309,0.1797693135E+309,0.1797693135E+309,0.1797693135E+309,0.1797693135E+309,0.1797693135E+309,0.1797693135E+309,0.1797693135E+309,0.1797693135E+309]
    qcldbrn1d_num: [0.2807265572E+008,0.1045927034E+008,0.2251041267E+005,0.0000000000E+000]
    maxd_aspectype: [        14]
    ntot_amode: [         4]
