# Data at [lat=   39.0553303768561      , lon=   262.904774388088      , k=          54 , time step=        1413 ] 
mam4xx:
  function: loadaer
input:
  fixed:
    dt:    0.00
    state_q: [0.9256422826E-003,0.8257477350E-004,0.1807866186E-007,0.6627261380E+008,0.6278066340E-001,0.1573442348E-006,0.4985448286E-005,0.5592656474E+003,0.1841624215E+003,0.1110477849E-006,0.8810481076E-010,0.5111711715E-013,0.5479507819E-010,0.9035832367E-013,0.4702200206E-011,0.3532442061E-009,0.1708733089E-010,0.1001744400E-009,0.4486468265E-011,0.4732135325E-012,0.3121742463E-010,0.2908204142E-011,0.1003231720E+009,0.8825515113E-010,0.1069101364E-010,0.2999485130E-013,0.3162903115E-014,0.1955102804E+010,0.1031156354E-011,0.3550349464E-009,0.1067546683E-010,0.1279198946E-012,0.5419065890E-012,0.3695606284E-011,0.9346215926E-013,0.4369717073E+005,0.8134597114E-010,0.2158986092E-010,0.1455970265E-015,0.6179512768E+008]
    cs: [0.1022039241E+001]
    phase: [         3]
    qcldbrn1d: [0.5273220715E-009,0.1933855371E-010,0.9081625383E-010,0.4981677239E-011,0.3838544552E-012,0.2822992562E-010,0.2645903839E-011,0.1797693135E+309,0.1797693135E+309,0.1797693135E+309,0.1797693135E+309,0.1797693135E+309,0.1797693135E+309,0.1797693135E+309,0.6734980963E-010,0.2047349137E-011,0.5023087360E-014,0.5342180871E-015,0.1797693135E+309,0.1797693135E+309,0.1797693135E+309,0.1797693135E+309,0.1797693135E+309,0.1797693135E+309,0.1797693135E+309,0.1797693135E+309,0.1797693135E+309,0.1797693135E+309,0.9576342313E-012,0.3020951643E-009,0.1330421936E-010,0.1592148406E-012,0.6642472344E-012,0.3958473317E-011,0.1024212778E-012,0.1797693135E+309,0.1797693135E+309,0.1797693135E+309,0.1797693135E+309,0.1797693135E+309,0.1797693135E+309,0.1797693135E+309,0.0000000000E+000,0.0000000000E+000,0.0000000000E+000,0.1797693135E+309,0.1797693135E+309,0.1797693135E+309,0.1797693135E+309,0.1797693135E+309,0.1797693135E+309,0.1797693135E+309,0.1797693135E+309,0.1797693135E+309,0.1797693135E+309,0.1797693135E+309]
    qcldbrn1d_num: [0.6441217423E+008,0.2990388903E+008,0.3942696934E+005,0.0000000000E+000]
    maxd_aspectype: [        14]
    ntot_amode: [         4]
