# Data at [lat=   39.0553303768561      , lon=   262.904774388088      , k=          54 , time step=        1414 ] 
mam4xx:
  function: loadaer
input:
  fixed:
    dt:    0.00
    state_q: [0.9305474161E-003,0.9400344481E-004,0.1442368575E-006,0.7189596398E+008,0.1514064664E+003,0.9049194108E-007,0.5673825507E-005,0.8430594513E+003,0.1944880464E+003,0.1114194877E-006,0.8369370679E-010,0.9806548593E-013,0.4862691344E-010,0.9981543046E-013,0.5582725240E-011,0.3406335340E-009,0.1659409322E-010,0.9691374928E-010,0.4290469668E-011,0.4598929975E-012,0.3006815156E-010,0.2784725299E-011,0.1013252585E+009,0.9013570322E-010,0.9952791347E-011,0.2806689469E-013,0.2993145755E-014,0.2024421323E+010,0.1001532377E-011,0.3544806107E-009,0.1054727251E-010,0.1237960249E-012,0.5197316505E-012,0.3660121861E-011,0.9247717423E-013,0.4197074718E+005,0.8198840536E-010,0.2173206367E-010,0.1438507105E-015,0.6212431268E+008]
    cs: [0.1022116147E+001]
    phase: [         3]
    qcldbrn1d: [0.5606314016E-009,0.2067046866E-010,0.9583071391E-010,0.5323410446E-011,0.4016387340E-012,0.2952975477E-010,0.2760085076E-011,0.1797693135E+309,0.1797693135E+309,0.1797693135E+309,0.1797693135E+309,0.1797693135E+309,0.1797693135E+309,0.1797693135E+309,0.6567335471E-010,0.1980568650E-011,0.4912456336E-014,0.5234153851E-015,0.1797693135E+309,0.1797693135E+309,0.1797693135E+309,0.1797693135E+309,0.1797693135E+309,0.1797693135E+309,0.1797693135E+309,0.1797693135E+309,0.1797693135E+309,0.1797693135E+309,0.9851887285E-012,0.3155584294E-009,0.1436723407E-010,0.1715613907E-012,0.7131294294E-012,0.4244725182E-011,0.1096371339E-012,0.1797693135E+309,0.1797693135E+309,0.1797693135E+309,0.1797693135E+309,0.1797693135E+309,0.1797693135E+309,0.1797693135E+309,0.0000000000E+000,0.0000000000E+000,0.0000000000E+000,0.1797693135E+309,0.1797693135E+309,0.1797693135E+309,0.1797693135E+309,0.1797693135E+309,0.1797693135E+309,0.1797693135E+309,0.1797693135E+309,0.1797693135E+309,0.1797693135E+309,0.1797693135E+309]
    qcldbrn1d_num: [0.6854426971E+008,0.2804301625E+008,0.4154386963E+005,0.0000000000E+000]
    maxd_aspectype: [        14]
    ntot_amode: [         4]
