# Data at [lat=   39.0553303768561      , lon=   262.904774388088      , k=          54 , time step=        1400 ] 
mam4xx:
  function: loadaer
input:
  fixed:
    dt:    0.00
    state_q: [ 0.1192171236E-02, 0.1427865566E-04, 0.5262019086E-07, 0.4480487717E+08, 0.1047736150E+03, 0.3469094285E-07, 0.9280714964E-05, 0.1031333272E+03, 0.2346864156E+03, 0.1045838394E-06, 0.8922178911E-10, 0.1302257789E-12, 0.6937768232E-10, 0.1009160640E-13, 0.9155126668E-11, 0.2797610104E-09, 0.1137721515E-10, 0.6579196467E-10, 0.3205462323E-11, 0.3149027399E-12, 0.2622159748E-10, 0.2481877639E-11, 0.6854445134E+08, 0.1057073068E-09, 0.9207919420E-11, 0.3201740037E-13, 0.3514797111E-14, 0.1885024742E+10, 0.8468185566E-12, 0.2618974569E-09, 0.5126477313E-11, 0.6720065463E-13, 0.2704286528E-12, 0.1997944504E-11, 0.5447647513E-13, 0.3556397497E+05, 0.8265740321E-10, 0.2282788612E-10, 0.1863010407E-15, 0.6410067408E+08]
    cs: [ 0.1007216408E+01]
    phase: [         3]
    qcldbrn1d: [ 0.2213249265E-09, 0.7922612769E-11, 0.4251119329E-10, 0.2215024384E-11, 0.1990089849E-12, 0.1649824802E-10, 0.1575236595E-11, 0.1797693135+309, 0.1797693135+309, 0.1797693135+309, 0.1797693135+309, 0.1797693135+309, 0.1797693135+309, 0.1797693135+309, 0.1423527177E-10, 0.8412653707E-12, 0.2904688414E-14, 0.3195659555E-15, 0.1797693135+309, 0.1797693135+309, 0.1797693135+309, 0.1797693135+309, 0.1797693135+309, 0.1797693135+309, 0.1797693135+309, 0.1797693135+309, 0.1797693135+309, 0.1797693135+309, 0.5808381200E-12, 0.1716265452E-09, 0.4241829266E-11, 0.5539793665E-13, 0.2227865374E-12, 0.1479357989E-11, 0.4025500989E-13, 0.1797693135+309, 0.1797693135+309, 0.1797693135+309, 0.1797693135+309, 0.1797693135+309, 0.1797693135+309, 0.1797693135+309, 0.0000000000E+00, 0.0000000000E+00, 0.0000000000E+00, 0.1797693135+309, 0.1797693135+309, 0.1797693135+309, 0.1797693135+309, 0.1797693135+309, 0.1797693135+309, 0.1797693135+309, 0.1797693135+309, 0.1797693135+309, 0.1797693135+309, 0.1797693135+309]
    qcldbrn1d_num: [ 0.2807265572E+08, 0.1045927034E+08, 0.2251041267E+05, 0.0000000000E+00]
    maxd_aspectype: [        14]
    ntot_amode: [         4]
