# Data at [lat=   39.0553303768561      , lon=   262.904774388088      , k=          54 , time step=        1410 ] 
mam4xx:
  function: loadaer
input:
  fixed:
    dt:    0.00
    state_q: [0.9170423863E-003,0.2901932102E-004,0.2769615972E-007,0.5908504276E+008,0.3891534895E+000,0.9869697769E-007,0.5682492148E-006,0.8328821771E+002,0.1801466013E+003,0.1101265128E-006,0.1128575663E-009,0.8223890620E-013,0.7542154792E-010,0.7502034674E-013,0.2132000398E-011,0.3595282424E-009,0.1741961609E-010,0.1038876681E-009,0.4711181329E-011,0.4887106997E-012,0.3497048012E-010,0.3338771851E-011,0.8355287741E+008,0.8865650653E-010,0.1295583201E-010,0.3367461363E-013,0.3577287146E-014,0.1718199912E+010,0.1118895342E-011,0.3464198923E-009,0.9083822907E-011,0.1170558528E-012,0.5063026914E-012,0.3383040246E-011,0.8619479045E-013,0.4801782628E+005,0.7690474324E-010,0.2060978096E-010,0.1573585271E-015,0.5942563599E+008]
    cs: [0.1022789508E+001]
    phase: [         3]
    qcldbrn1d: [0.2623742769E-009,0.1077067018E-010,0.5505006706E-010,0.2821906538E-011,0.2413034280E-012,0.1743280599E-010,0.1655778279E-011,0.1797693135E+309,0.1797693135E+309,0.1797693135E+309,0.1797693135E+309,0.1797693135E+309,0.1797693135E+309,0.1797693135E+309,0.2735419418E-010,0.1654269637E-011,0.3919975079E-014,0.4139774535E-015,0.1797693135E+309,0.1797693135E+309,0.1797693135E+309,0.1797693135E+309,0.1797693135E+309,0.1797693135E+309,0.1797693135E+309,0.1797693135E+309,0.1797693135E+309,0.1797693135E+309,0.6045318917E-012,0.1855905155E-009,0.6901869684E-011,0.8385980693E-013,0.3530059298E-012,0.2176644438E-011,0.5656107461E-013,0.1797693135E+309,0.1797693135E+309,0.1797693135E+309,0.1797693135E+309,0.1797693135E+309,0.1797693135E+309,0.1797693135E+309,0.0000000000E+000,0.0000000000E+000,0.0000000000E+000,0.1797693135E+309,0.1797693135E+309,0.1797693135E+309,0.1797693135E+309,0.1797693135E+309,0.1797693135E+309,0.1797693135E+309,0.1797693135E+309,0.1797693135E+309,0.1797693135E+309,0.1797693135E+309]
    qcldbrn1d_num: [0.3678293277E+008,0.2196882464E+008,0.2428660937E+005,0.0000000000E+000]
    maxd_aspectype: [        14]
    ntot_amode: [         4]
