# Data at [lat=   39.0553303768561      , lon=   262.904774388088      , k=          54 , time step=        1406 ] 
mam4xx:
  function: loadaer
input:
  fixed:
    dt:    0.00
    state_q: [0.9223686776E-003,0.1637170335E-005,0.1816330688E-007,0.1744786218E+008,0.3864109842E+002,0.1336660397E-005,0.5005809215E-005,0.2758420721E+002,0.1985347855E+003,0.1081551766E-006,0.1156945582E-009,0.5367185886E-012,0.5659187455E-010,0.2498862743E-014,0.5053776748E-011,0.4416154400E-009,0.2063649490E-010,0.1263150203E-009,0.5770795727E-011,0.6228999899E-012,0.4735792953E-010,0.4522011316E-011,0.9131046124E+008,0.1049458928E-009,0.1217719305E-010,0.3743037504E-013,0.4010793771E-014,0.1732510141E+010,0.1469168223E-011,0.4549527123E-009,0.9936088331E-011,0.1308256249E-012,0.5583773211E-012,0.3851898748E-011,0.1019078820E-012,0.6441091461E+005,0.7712307546E-010,0.2103444566E-010,0.1720019228E-015,0.6003591528E+008]
    cs: [0.1018114707E+001]
    phase: [         3]
    qcldbrn1d: [0.1542760036E-010,0.7121234699E-012,0.4298047514E-011,0.1975635883E-012,0.2117017175E-013,0.1567905653E-011,0.1496875036E-012,0.1797693135E+309,0.1797693135E+309,0.1797693135E+309,0.1797693135E+309,0.1797693135E+309,0.1797693135E+309,0.1797693135E+309,0.6600795191E-012,0.7103797317E-013,0.2126977112E-015,0.2289333963E-016,0.1797693135E+309,0.1797693135E+309,0.1797693135E+309,0.1797693135E+309,0.1797693135E+309,0.1797693135E+309,0.1797693135E+309,0.1797693135E+309,0.1797693135E+309,0.1797693135E+309,0.5241073992E-013,0.1559302085E-010,0.3471737958E-012,0.4584336663E-014,0.1946653192E-013,0.1345800653E-012,0.3564801085E-014,0.1797693135E+309,0.1797693135E+309,0.1797693135E+309,0.1797693135E+309,0.1797693135E+309,0.1797693135E+309,0.1797693135E+309,0.0000000000E+000,0.0000000000E+000,0.0000000000E+000,0.1797693135E+309,0.1797693135E+309,0.1797693135E+309,0.1797693135E+309,0.1797693135E+309,0.1797693135E+309,0.1797693135E+309,0.1797693135E+309,0.1797693135E+309,0.1797693135E+309,0.1797693135E+309]
    qcldbrn1d_num: [0.1583146988E+007,0.4505704995E+006,0.1632106562E+004,0.0000000000E+000]
    maxd_aspectype: [        14]
    ntot_amode: [         4]
