# Data at [lat=   39.0553303768561      , lon=   262.904774388088      , k=          54 , time step=        1417 ] 
mam4xx:
  function: loadaer
input:
  fixed:
    dt:    0.00
    state_q: [0.8720571657E-003,0.2676895563E-005,0.1173727445E-006,0.4994952860E+008,0.2803360937E+003,0.2835537169E-006,0.2211509473E-005,0.8198664341E+002,0.1364156586E+003,0.1151800180E-006,0.1008767163E-009,0.3001937465E-012,0.3863569449E-010,0.5270240764E-013,0.5253040151E-011,0.4357791517E-009,0.2232091386E-010,0.1240915704E-009,0.5914050441E-011,0.5815893411E-012,0.3794442473E-010,0.3648957510E-011,0.1071729739E+009,0.1037834463E-009,0.1236091586E-010,0.3665847810E-013,0.3957536706E-014,0.2012714291E+010,0.1143655546E-011,0.3696438860E-009,0.1162061072E-010,0.1459653775E-012,0.6162859985E-012,0.4062235604E-011,0.1019437053E-012,0.5165076356E+005,0.7549382103E-010,0.2019218261E-010,0.1546401588E-015,0.5732396263E+008]
    cs: [0.1025062636E+001]
    phase: [         3]
    qcldbrn1d: [0.9543450459E-010,0.4557876566E-011,0.2418242958E-010,0.1205442081E-011,0.1103661615E-012,0.7472584941E-011,0.7044428328E-012,0.1797693135E+309,0.1797693135E+309,0.1797693135E+309,0.1797693135E+309,0.1797693135E+309,0.1797693135E+309,0.1797693135E+309,0.2936343324E-011,0.2712550051E-012,0.8106027889E-015,0.8740928623E-016,0.1797693135E+309,0.1797693135E+309,0.1797693135E+309,0.1797693135E+309,0.1797693135E+309,0.1797693135E+309,0.1797693135E+309,0.1797693135E+309,0.1797693135E+309,0.1797693135E+309,0.2398292756E-012,0.7872981370E-010,0.2766934305E-011,0.3406948721E-013,0.1420381112E-012,0.9120609413E-012,0.2303677555E-013,0.1797693135E+309,0.1797693135E+309,0.1797693135E+309,0.1797693135E+309,0.1797693135E+309,0.1797693135E+309,0.1797693135E+309,0.0000000000E+000,0.0000000000E+000,0.0000000000E+000,0.1797693135E+309,0.1797693135E+309,0.1797693135E+309,0.1797693135E+309,0.1797693135E+309,0.1797693135E+309,0.1797693135E+309,0.1797693135E+309,0.1797693135E+309,0.1797693135E+309,0.1797693135E+309]
    qcldbrn1d_num: [0.1192299732E+008,0.2139029861E+007,0.9949115972E+004,0.0000000000E+000]
    maxd_aspectype: [        14]
    ntot_amode: [         4]
