# Data at [lat=   39.0553303768561      , lon=   262.904774388088      , k=          54 , time step=        1417 ] 
mam4xx:
  function: loadaer
input:
  fixed:
    dt:    0.00
    state_q: [ 0.8720571657E-03, 0.2676895563E-05, 0.1173727445E-06, 0.4994952860E+08, 0.2803360937E+03, 0.2835537169E-06, 0.2211509473E-05, 0.8198664341E+02, 0.1364156586E+03, 0.1151800180E-06, 0.1008767163E-09, 0.3001937465E-12, 0.3863569449E-10, 0.5270240764E-13, 0.5253040151E-11, 0.4357791517E-09, 0.2232091386E-10, 0.1240915704E-09, 0.5914050441E-11, 0.5815893411E-12, 0.3794442473E-10, 0.3648957510E-11, 0.1071729739E+09, 0.1037834463E-09, 0.1236091586E-10, 0.3665847810E-13, 0.3957536706E-14, 0.2012714291E+10, 0.1143655546E-11, 0.3696438860E-09, 0.1162061072E-10, 0.1459653775E-12, 0.6162859985E-12, 0.4062235604E-11, 0.1019437053E-12, 0.5165076356E+05, 0.7549382103E-10, 0.2019218261E-10, 0.1546401588E-15, 0.5732396263E+08]
    cs: [ 0.1025062636E+01]
    phase: [         3]
    qcldbrn1d: [ 0.9543450459E-10, 0.4557876566E-11, 0.2418242958E-10, 0.1205442081E-11, 0.1103661615E-12, 0.7472584941E-11, 0.7044428328E-12, 0.1797693135+309, 0.1797693135+309, 0.1797693135+309, 0.1797693135+309, 0.1797693135+309, 0.1797693135+309, 0.1797693135+309, 0.2936343324E-11, 0.2712550051E-12, 0.8106027889E-15, 0.8740928623E-16, 0.1797693135+309, 0.1797693135+309, 0.1797693135+309, 0.1797693135+309, 0.1797693135+309, 0.1797693135+309, 0.1797693135+309, 0.1797693135+309, 0.1797693135+309, 0.1797693135+309, 0.2398292756E-12, 0.7872981370E-10, 0.2766934305E-11, 0.3406948721E-13, 0.1420381112E-12, 0.9120609413E-12, 0.2303677555E-13, 0.1797693135+309, 0.1797693135+309, 0.1797693135+309, 0.1797693135+309, 0.1797693135+309, 0.1797693135+309, 0.1797693135+309, 0.0000000000E+00, 0.0000000000E+00, 0.0000000000E+00, 0.1797693135+309, 0.1797693135+309, 0.1797693135+309, 0.1797693135+309, 0.1797693135+309, 0.1797693135+309, 0.1797693135+309, 0.1797693135+309, 0.1797693135+309, 0.1797693135+309, 0.1797693135+309]
    qcldbrn1d_num: [ 0.1192299732E+08, 0.2139029861E+07, 0.9949115972E+04, 0.0000000000E+00]
    maxd_aspectype: [        14]
    ntot_amode: [         4]
