# Data at [lat=   39.0553303768561      , lon=   262.904774388088      , k=          54 , time step=        1407 ] 
mam4xx:
  function: loadaer
input:
  fixed:
    dt:    0.00
    state_q: [ 0.8855783317E-03, 0.1915605831E-05, 0.1257417738E-07, 0.1630526285E+08, 0.1624395105E+02, 0.1455804725E-05, 0.4162961558E-05, 0.2973020930E+02, 0.1615843806E+03, 0.1087962377E-06, 0.1188505237E-09, 0.7234889013E-12, 0.5594434809E-10, 0.3836644322E-14, 0.5622066462E-11, 0.4615164151E-09, 0.2179011512E-10, 0.1340896939E-09, 0.6071567371E-11, 0.6596899369E-12, 0.4957772231E-10, 0.4735810385E-11, 0.9404065053E+08, 0.1040414249E-09, 0.1240771809E-10, 0.3804457964E-13, 0.4069946254E-14, 0.1709435256E+10, 0.1584926463E-11, 0.4885266114E-09, 0.1083249019E-10, 0.1418671389E-12, 0.6080054067E-12, 0.4211519310E-11, 0.1109356927E-12, 0.6767805762E+05, 0.7637095297E-10, 0.2077809203E-10, 0.1693268405E-15, 0.5949835214E+08]
    cs: [ 0.1019785295E+01]
    phase: [         3]
    qcldbrn1d: [ 0.1056112823E-10, 0.5000151145E-12, 0.3028966180E-11, 0.1383386229E-12, 0.1496984661E-13, 0.1094909786E-11, 0.1045892858E-12, 0.1797693135+309, 0.1797693135+309, 0.1797693135+309, 0.1797693135+309, 0.1797693135+309, 0.1797693135+309, 0.1797693135+309, 0.4274288616E-12, 0.4675886932E-13, 0.1408508878E-15, 0.1513913237E-16, 0.1797693135+309, 0.1797693135+309, 0.1797693135+309, 0.1797693135+309, 0.1797693135+309, 0.1797693135+309, 0.1797693135+309, 0.1797693135+309, 0.1797693135+309, 0.1797693135+309, 0.3704150819E-13, 0.1092144710E-10, 0.2441644018E-12, 0.3219444651E-14, 0.1372675693E-13, 0.9499132799E-13, 0.2516778749E-14, 0.1797693135+309, 0.1797693135+309, 0.1797693135+309, 0.1797693135+309, 0.1797693135+309, 0.1797693135+309, 0.1797693135+309, 0.0000000000E+00, 0.0000000000E+00, 0.0000000000E+00, 0.1797693135+309, 0.1797693135+309, 0.1797693135+309, 0.1797693135+309, 0.1797693135+309, 0.1797693135+309, 0.1797693135+309, 0.1797693135+309, 0.1797693135+309, 0.1797693135+309, 0.1797693135+309]
    qcldbrn1d_num: [ 0.8864941701E+06, 0.2331045673E+06, 0.9434020219E+03, 0.0000000000E+00]
    maxd_aspectype: [        14]
    ntot_amode: [         4]
