# Data at [lat=   39.0553303768561      , lon=   262.904774388088      , k=          54 , time step=        1411 ] 
mam4xx:
  function: update_from_newcld
input:
  fixed:
    dt:    0.00
    cldn_col_in: [0.9926022345E+000]
    cldo_col_in: [0.9883705265E+000]
    dtinv: [0.1666666667E-002]
    wtke_col_in: [0.3603018400E+000]
    temp_col_in: [0.2516726390E+003]
    cs_col_in: [0.1021785329E+001]
    state_q_col_in: [0.9414771871E-003,0.1024407379E-003,0.1056397015E-007,0.7772796387E+008,0.1386274751E+001,0.1183077855E-007,0.1051894465E-005,0.4584604095E+003,0.4677386446E+002,0.1096038341E-006,0.9736245667E-010,0.1161430483E-012,0.1044981033E-009,0.1154305994E-012,0.3659710225E-011,0.3672138245E-009,0.1748254190E-010,0.9680044162E-010,0.4637238447E-011,0.4425269988E-012,0.3195337013E-010,0.2993654451E-011,0.8878921651E+008,0.9611529251E-010,0.1163265171E-010,0.3150689793E-013,0.3388953592E-014,0.1938428947E+010,0.1029509530E-011,0.3279808019E-009,0.1032906744E-010,0.1278931193E-012,0.5454896481E-012,0.3497472614E-011,0.8945020949E-013,0.4372914507E+005,0.8303632372E-010,0.2205944663E-010,0.1470951602E-015,0.6303800094E+008]
    qcld: [0.7772796387E+008]
    nsource_col_out: [0.0000000000E+000]
    raercol_nsav: [0.8878921651E+008,0.3672138245E-009,0.1748254190E-010,0.9680044162E-010,0.4637238447E-011,0.4425269988E-012,0.3195337013E-010,0.2993654451E-011,0.1938428947E+010,0.9611529251E-010,0.1163265171E-010,0.3150689793E-013,0.3388953592E-014,0.4372914507E+005,0.1029509530E-011,0.3279808019E-009,0.1032906744E-010,0.1278931193E-012,0.5454896481E-012,0.3497472614E-011,0.8945020949E-013,0.6303800094E+008,0.8303632372E-010,0.2205944663E-010,0.1470951602E-015]
    raercol_cw_nsav: [0.6351045743E+008,0.4479616895E-009,0.1873546798E-010,0.9249724118E-010,0.4873566214E-011,0.3998066298E-012,0.2926371866E-010,0.2758289109E-011,0.3522030490E+008,0.4588384162E-010,0.2554852442E-011,0.6270195824E-014,0.6644107822E-015,0.4081876847E+005,0.9974089892E-012,0.3121389687E-009,0.1241938279E-010,0.1502253071E-012,0.6313808922E-012,0.3817502546E-011,0.9897746095E-013,0.0000000000E+000,0.0000000000E+000,0.0000000000E+000,0.0000000000E+000]
    factnum_col_out: [0.0000000000E+000,0.0000000000E+000,0.0000000000E+000,0.0000000000E+000]
    mam_idx: [         1,         9,        14,        22,         2,        10,        15,        23,         3,        11,        16,        24,         4,        12,        17,        25,         5,        13,        18,         0,         6,         0,        19,         0,         7,         0,        20,         0,         8,         0,        21,         0]
    nspec_amode: [         7,         4,         7,         3]
    numptr_amode: [        23,        28,        36,        40]
    lmassptr_amode: [        16,        17,        18,        19,        20,        21,        22,         0,         0,         0,         0,         0,         0,         0,        24,        25,        26,        27,         0,         0,         0,         0,         0,         0,         0,         0,         0,         0,        29,        30,        31,        32,        33,        34,        35,         0,         0,         0,         0,         0,         0,         0,        37,        38,        39,         0,         0,         0,         0,         0,         0,         0,         0,         0,         0,         0]
