# Data at [lat=   39.0553303768561      , lon=   262.904774388088      , k=          54 , time step=        1407 ] 
mam4xx:
  function: update_from_newcld
input:
  fixed:
    dt:    0.00
    cldn_col_in: [0.1039108176E-001]
    cldo_col_in: [0.3331686403E-001]
    dtinv: [0.1666666667E-002]
    wtke_col_in: [0.2330456614E+000]
    temp_col_in: [0.2521759162E+003]
    cs_col_in: [0.1019785295E+001]
    state_q_col_in: [0.8855783317E-003,0.1915605831E-005,0.1257417738E-007,0.1630526285E+008,0.1624395105E+002,0.1455804725E-005,0.4162961558E-005,0.2973020930E+002,0.1615843806E+003,0.1087962377E-006,0.1188505237E-009,0.7234889013E-012,0.5594434809E-010,0.3836644322E-014,0.5622066462E-011,0.4615164151E-009,0.2179011512E-010,0.1340896939E-009,0.6071567371E-011,0.6596899369E-012,0.4957772231E-010,0.4735810385E-011,0.9404065053E+008,0.1040414249E-009,0.1240771809E-010,0.3804457964E-013,0.4069946254E-014,0.1709435256E+010,0.1584926463E-011,0.4885266114E-009,0.1083249019E-010,0.1418671389E-012,0.6080054067E-012,0.4211519310E-011,0.1109356927E-012,0.6767805762E+005,0.7637095297E-010,0.2077809203E-010,0.1693268405E-015,0.5949835214E+008]
    qcld: [0.1630526285E+008]
    nsource_col_out: [0.0000000000E+000]
    raercol_nsav: [0.9404065053E+008,0.4615164151E-009,0.2179011512E-010,0.1340896939E-009,0.6071567371E-011,0.6596899369E-012,0.4957772231E-010,0.4735810385E-011,0.1709435256E+010,0.1040414249E-009,0.1240771809E-010,0.3804457964E-013,0.4069946254E-014,0.6767805762E+005,0.1584926463E-011,0.4885266114E-009,0.1083249019E-010,0.1418671389E-012,0.6080054067E-012,0.4211519310E-011,0.1109356927E-012,0.5949835214E+008,0.7637095297E-010,0.2077809203E-010,0.1693268405E-015]
    raercol_cw_nsav: [0.3638120651E+007,0.4875641989E-010,0.2307729026E-011,0.1396818644E-010,0.6383458018E-012,0.6901192947E-013,0.5047037263E-011,0.4820959623E-012,0.9634044471E+006,0.1973338068E-011,0.2158827021E-012,0.6496962324E-015,0.6983556914E-016,0.3855298212E+004,0.1708441678E-012,0.5034367872E-010,0.1127489120E-011,0.1486430613E-013,0.6336717558E-013,0.4382519922E-012,0.1161358613E-013,0.0000000000E+000,0.0000000000E+000,0.0000000000E+000,0.0000000000E+000]
    factnum_col_out: [0.0000000000E+000,0.0000000000E+000,0.0000000000E+000,0.0000000000E+000]
    mam_idx: [         1,         9,        14,        22,         2,        10,        15,        23,         3,        11,        16,        24,         4,        12,        17,        25,         5,        13,        18,         0,         6,         0,        19,         0,         7,         0,        20,         0,         8,         0,        21,         0]
    nspec_amode: [         7,         4,         7,         3]
    numptr_amode: [        23,        28,        36,        40]
    lmassptr_amode: [        16,        17,        18,        19,        20,        21,        22,         0,         0,         0,         0,         0,         0,         0,        24,        25,        26,        27,         0,         0,         0,         0,         0,         0,         0,         0,         0,         0,        29,        30,        31,        32,        33,        34,        35,         0,         0,         0,         0,         0,         0,         0,        37,        38,        39,         0,         0,         0,         0,         0,         0,         0,         0,         0,         0,         0]
