# Data at [lat=   39.0553303768561      , lon=   262.904774388088      , k=          54 , time step=        1400 ] 
mam4xx:
  function: update_from_cldn_profile
input:
  fixed:
    dt:    0.00
    dtinv: [0.1666666667E-002]
    wtke_col_in: [0.2210597655E+000]
    zs: [0.4320312184E-002]
    dz: [0.2503830606E+003]
    temp_col_in: [0.2546760247E+003]
    csbot_cscen: [0.1012810233E+001]
    raercol_cw_nsav: [0.2610215744E+008,0.2117467454E-009,0.7399175609E-011,0.3924346502E-010,0.2069327115E-011,0.1844376012E-012,0.1534518801E-010,0.1467366937E-011,0.1032886134E+008,0.1574884458E-010,0.8147542774E-012,0.2844359517E-014,0.3135772231E-015,0.2046218595E+005,0.5367762341E-012,0.1587087450E-009,0.3950152991E-011,0.5152125226E-013,0.2061282363E-012,0.1362198312E-011,0.3713298827E-013,0.0000000000E+000,0.0000000000E+000,0.0000000000E+000,0.0000000000E+000]
    nsource_col: [-.2330110011E+005]
    qcld: [0.3082421711E+008]
    factnum_col: [0.0000000000E+000,0.0000000000E+000,0.0000000000E+000,0.0000000000E+000]
    ekd: [0.9746508983E+001]
    nact: [0.0000000000E+000,0.0000000000E+000,0.0000000000E+000,0.0000000000E+000]
    mact: [0.0000000000E+000,0.0000000000E+000,0.0000000000E+000,0.0000000000E+000]
    cs_col_in_kk: [0.1007216408E+001]
    cs_col_in_kp1: [0.1030692652E+001]
    cldn_col_in_kk: [0.5001783832E+000]
    cldn_col_in_kp1: [0.6527265313E-001]
    raercol_nsav_kk: [0.8038336971E+008,0.3758010577E-009,0.1473319200E-010,0.8359126650E-010,0.4144028219E-011,0.3985564267E-012,0.3318157497E-010,0.3147417927E-011,0.1889709510E+010,0.1128503671E-009,0.9577460114E-011,0.3330749067E-013,0.3657023483E-014,0.4484482271E+005,0.1090279276E-011,0.3338815402E-009,0.6918112311E-011,0.9056868085E-013,0.3639203639E-012,0.2615784414E-011,0.7131854720E-013,0.6410067408E+008,0.8265740321E-010,0.2282788612E-010,0.1863010407E-015]
    raercol_nsav_kp1: [0.1002143114E+009,0.5459959043E-009,0.2003135315E-010,0.1080647083E-009,0.5588346977E-011,0.4965643183E-012,0.4084866494E-010,0.3891408644E-011,0.1939108372E+010,0.1254461190E-009,0.1005212489E-010,0.3340615496E-013,0.3661054000E-014,0.5538002922E+005,0.1464984594E-011,0.4281497322E-009,0.1109975274E-010,0.1444151885E-012,0.5864133637E-012,0.3847995065E-011,0.1042209837E-012,0.6617494870E+008,0.8562448323E-010,0.2344574669E-010,0.1813647193E-015]
    state_q_col_in_kp1: [0.1347764225E-002,0.2200183448E-005,0.5570331565E-007,0.2278061618E+008,0.8255142931E+002,0.4359672869E-007,0.9528269887E-005,0.7711107237E+002,0.2172470562E+003,0.1014992581E-006,0.7694744225E-010,0.5549296734E-012,0.1576310354E-009,0.9703320227E-014,0.1131734002E-010,0.4620771575E-009,0.1708558285E-010,0.9276521418E-010,0.4766658510E-011,0.4253560950E-012,0.3492385296E-010,0.3324955239E-011,0.9024643322E+008,0.1199745915E-009,0.9740991782E-011,0.3232368440E-013,0.3541688412E-014,0.1935357826E+010,0.1256356999E-011,0.3666340574E-009,0.9438032138E-011,0.1231495360E-012,0.5016389773E-012,0.3299803435E-011,0.8930978233E-013,0.4772318704E+005,0.8562448323E-010,0.2344574669E-010,0.1813647193E-015,0.6617494870E+008]
    top_lev: [         7]
    pver: [        72]
    ntot_amode: [         4]
    nspec_amode: [         7,         4,         7,         3]
