# Data at [lat=   39.0553303768561      , lon=   262.904774388088      , k=          54 , time step=        1411 ] 
mam4xx:
  function: update_from_newcld
input:
  fixed:
    dt:    0.00
    cldn_col_in: [0.8630285664E+000]
    cldo_col_in: [0.9857089381E+000]
    dtinv: [0.1666666667E-002]
    wtke_col_in: [0.4069090994E+000]
    temp_col_in: [0.2515746600E+003]
    cs_col_in: [0.1022183277E+001]
    state_q_col_in: [0.9309787026E-003,0.5050540575E-004,0.2952377069E-007,0.7047243273E+008,0.3562468316E+000,0.8612901921E-007,0.1988911702E-005,0.1258562432E+003,0.1813863489E+003,0.1103563320E-006,0.1035443137E-009,0.8295834917E-013,0.6595052173E-010,0.8118500705E-013,0.3179873471E-011,0.3542809845E-009,0.1693817677E-010,0.9855405040E-010,0.4527732899E-011,0.4573441504E-012,0.3195781551E-010,0.3053376116E-011,0.8948557453E+008,0.8741035617E-010,0.1163362113E-010,0.3136420189E-013,0.3281996799E-014,0.1812915323E+010,0.1004910158E-011,0.3251635375E-009,0.9525017415E-011,0.1203868647E-012,0.5206643294E-012,0.3359110716E-011,0.8602669726E-013,0.4396521268E+005,0.7982575536E-010,0.2124037919E-010,0.1509650084E-015,0.6117010670E+008]
    qcld: [0.7047243273E+008]
    nsource_col_out: [0.0000000000E+000]
    raercol_nsav: [0.8948557453E+008,0.3542809845E-009,0.1693817677E-010,0.9855405040E-010,0.4527732899E-011,0.4573441504E-012,0.3195781551E-010,0.3053376116E-011,0.1812915323E+010,0.8741035617E-010,0.1163362113E-010,0.3136420189E-013,0.3281996799E-014,0.4396521268E+005,0.1004910158E-011,0.3251635375E-009,0.9525017415E-011,0.1203868647E-012,0.5206643294E-012,0.3359110716E-011,0.8602669726E-013,0.6117010670E+008,0.7982575536E-010,0.2124037919E-010,0.1509650084E-015]
    raercol_cw_nsav: [0.6245071216E+008,0.4645527654E-009,0.1824935310E-010,0.9217248825E-010,0.4775467715E-011,0.4032568701E-012,0.2921038943E-010,0.2760441084E-011,0.3613426395E+008,0.5650121463E-010,0.2535934520E-011,0.6212038953E-014,0.6578579600E-015,0.4062831350E+005,0.9997379502E-012,0.3103184724E-009,0.1177328333E-010,0.1428707124E-012,0.6015097501E-012,0.3700296358E-011,0.9584783536E-013,0.0000000000E+000,0.0000000000E+000,0.0000000000E+000,0.0000000000E+000]
    factnum_col_out: [0.0000000000E+000,0.0000000000E+000,0.0000000000E+000,0.0000000000E+000]
    mam_idx: [         1,         9,        14,        22,         2,        10,        15,        23,         3,        11,        16,        24,         4,        12,        17,        25,         5,        13,        18,         0,         6,         0,        19,         0,         7,         0,        20,         0,         8,         0,        21,         0]
    nspec_amode: [         7,         4,         7,         3]
    numptr_amode: [        23,        28,        36,        40]
    lmassptr_amode: [        16,        17,        18,        19,        20,        21,        22,         0,         0,         0,         0,         0,         0,         0,        24,        25,        26,        27,         0,         0,         0,         0,         0,         0,         0,         0,         0,         0,        29,        30,        31,        32,        33,        34,        35,         0,         0,         0,         0,         0,         0,         0,        37,        38,        39,         0,         0,         0,         0,         0,         0,         0,         0,         0,         0,         0]
