# Data at [lat=   39.0553303768561      , lon=   262.904774388088      , k=          54 , time step=        1401 ] 
mam4xx:
  function: update_from_newcld
input:
  fixed:
    dt:    0.00
    cldn_col_in: [0.3458360202E+000]
    cldo_col_in: [0.5455784174E+000]
    dtinv: [0.1666666667E-002]
    wtke_col_in: [0.2340340085E+000]
    temp_col_in: [0.2542998689E+003]
    cs_col_in: [0.1008749936E+001]
    state_q_col_in: [0.1146294576E-002,0.1065391680E-004,0.1400597624E-006,0.3971139247E+008,0.1608232751E+003,0.5217257406E-006,0.1132325812E-004,0.7181968139E+002,0.2309508655E+003,0.1050686151E-006,0.9228049005E-010,0.1549630599E-012,0.6539931143E-010,0.7293709360E-014,0.9480058136E-011,0.3052692482E-009,0.1233310176E-010,0.7219427831E-010,0.3469969471E-011,0.3522069098E-012,0.2861484372E-010,0.2716573769E-011,0.7231441453E+008,0.1097107013E-009,0.9124944535E-011,0.3279516247E-013,0.3576742072E-014,0.1871787179E+010,0.9241372610E-012,0.2858107310E-009,0.5953373447E-011,0.7697074369E-013,0.3117774367E-012,0.2253978638E-011,0.6109143111E-013,0.3881479049E+005,0.8265350834E-010,0.2274740362E-010,0.1829019741E-015,0.6408130372E+008]
    qcld: [0.3971139247E+008]
    nsource_col_out: [0.0000000000E+000]
    raercol_nsav: [0.7231441453E+008,0.3052692482E-009,0.1233310176E-010,0.7219427831E-010,0.3469969471E-011,0.3522069098E-012,0.2861484372E-010,0.2716573769E-011,0.1871787179E+010,0.1097107013E-009,0.9124944535E-011,0.3279516247E-013,0.3576742072E-014,0.3881479049E+005,0.9241372610E-012,0.2858107310E-009,0.5953373447E-011,0.7697074369E-013,0.3117774367E-012,0.2253978638E-011,0.6109143111E-013,0.6408130372E+008,0.8265350834E-010,0.2274740362E-010,0.1829019741E-015]
    raercol_cw_nsav: [0.2940452968E+008,0.2506976455E-009,0.8970163538E-011,0.4872554838E-010,0.2506280244E-011,0.2306542185E-012,0.1891521051E-010,0.1806706828E-011,0.9433890362E+007,0.1549137304E-010,0.8729849465E-012,0.3006285144E-014,0.3292891115E-015,0.2462040699E+005,0.6568999817E-012,0.1947216676E-009,0.4869737165E-011,0.6275038860E-013,0.2526780693E-012,0.1683081398E-011,0.4567228281E-013,0.0000000000E+000,0.0000000000E+000,0.0000000000E+000,0.0000000000E+000]
    factnum_col_out: [0.0000000000E+000,0.0000000000E+000,0.0000000000E+000,0.0000000000E+000]
    mam_idx: [         1,         9,        14,        22,         2,        10,        15,        23,         3,        11,        16,        24,         4,        12,        17,        25,         5,        13,        18,         0,         6,         0,        19,         0,         7,         0,        20,         0,         8,         0,        21,         0]
    nspec_amode: [         7,         4,         7,         3]
    numptr_amode: [        23,        28,        36,        40]
    lmassptr_amode: [        16,        17,        18,        19,        20,        21,        22,         0,         0,         0,         0,         0,         0,         0,        24,        25,        26,        27,         0,         0,         0,         0,         0,         0,         0,         0,         0,         0,        29,        30,        31,        32,        33,        34,        35,         0,         0,         0,         0,         0,         0,         0,        37,        38,        39,         0,         0,         0,         0,         0,         0,         0,         0,         0,         0,         0]
