# Data at [lat=   39.0553303768561      , lon=   262.904774388088      , k=          54 , time step=        1405 ] 
mam4xx:
  function: update_from_newcld
input:
  fixed:
    dt:    0.00
    cldn_col_in: [0.4880011703E-001]
    cldo_col_in: [0.4551922964E-001]
    dtinv: [0.1666666667E-002]
    wtke_col_in: [0.2225505248E+000]
    temp_col_in: [0.2527589680E+003]
    cs_col_in: [0.1016234500E+001]
    state_q_col_in: [0.9561761032E-003,0.1800025317E-005,0.3550134730E-008,0.1023873248E+008,0.4310365406E+002,0.3890088813E-009,0.1166421573E-005,0.1055796671E+002,0.3502479488E+002,0.1074689260E-006,0.1105522436E-009,0.2700645026E-012,0.6593705819E-010,0.3549528673E-014,0.4094157691E-011,0.5322955691E-009,0.2508484612E-010,0.1527606631E-009,0.6969254587E-011,0.7608908738E-012,0.5592544717E-010,0.5341455502E-011,0.1040805260E+009,0.1105344467E-009,0.1266470610E-010,0.3884894509E-013,0.4186756646E-014,0.1769913408E+010,0.1863903931E-011,0.5495173086E-009,0.1183721073E-010,0.1570076807E-012,0.6649393381E-012,0.4663617141E-011,0.1236494597E-012,0.7638628001E+005,0.7835119241E-010,0.2141695826E-010,0.1745833001E-015,0.6084615915E+008]
    qcld: [0.1023873248E+008]
    nsource_col_out: [0.0000000000E+000]
    raercol_nsav: [0.1040805260E+009,0.5322955691E-009,0.2508484612E-010,0.1527606631E-009,0.6969254587E-011,0.7608908738E-012,0.5592544717E-010,0.5341455502E-011,0.1769913408E+010,0.1105344467E-009,0.1266470610E-010,0.3884894509E-013,0.4186756646E-014,0.7638628001E+005,0.1863903931E-011,0.5495173086E-009,0.1183721073E-010,0.1570076807E-012,0.6649393381E-012,0.4663617141E-011,0.1236494597E-012,0.6084615915E+008,0.7835119241E-010,0.2141695826E-010,0.1745833001E-015]
    raercol_cw_nsav: [0.3056644250E+007,0.2211580896E-010,0.1014446582E-011,0.6107833555E-011,0.2814572335E-012,0.3010340182E-013,0.2234216440E-011,0.2133578855E-012,0.9794449185E+006,0.9881187571E-012,0.1088566176E-012,0.3285928434E-015,0.3538757706E-016,0.3073530058E+004,0.7477311816E-013,0.2223286793E-010,0.4986456072E-012,0.6568190361E-014,0.2779379603E-013,0.1916913744E-012,0.5085889444E-014,0.0000000000E+000,0.0000000000E+000,0.0000000000E+000,0.0000000000E+000]
    factnum_col_out: [0.0000000000E+000,0.0000000000E+000,0.0000000000E+000,0.0000000000E+000]
    mam_idx: [         1,         9,        14,        22,         2,        10,        15,        23,         3,        11,        16,        24,         4,        12,        17,        25,         5,        13,        18,         0,         6,         0,        19,         0,         7,         0,        20,         0,         8,         0,        21,         0]
    nspec_amode: [         7,         4,         7,         3]
    numptr_amode: [        23,        28,        36,        40]
    lmassptr_amode: [        16,        17,        18,        19,        20,        21,        22,         0,         0,         0,         0,         0,         0,         0,        24,        25,        26,        27,         0,         0,         0,         0,         0,         0,         0,         0,         0,         0,        29,        30,        31,        32,        33,        34,        35,         0,         0,         0,         0,         0,         0,         0,        37,        38,        39,         0,         0,         0,         0,         0,         0,         0,         0,         0,         0,         0]
