# Data at [lat=   39.0553303768561      , lon=   262.904774388088      , k=          54 , time step=        1409 ] 
mam4xx:
  function: update_from_newcld
input:
  fixed:
    dt:    0.00
    cldn_col_in: [0.1100616471E+000]
    cldo_col_in: [0.1795839503E+000]
    dtinv: [0.1666666667E-002]
    wtke_col_in: [0.3760692874E+000]
    temp_col_in: [0.2517191301E+003]
    cs_col_in: [0.1022282793E+001]
    state_q_col_in: [0.8745236672E-003,0.6757378534E-005,0.2169041591E-007,0.1640158787E+008,0.1138853974E+001,0.1280605790E-005,0.5872739276E-006,0.9740281803E+001,0.1566132618E+003,0.1099224297E-006,0.1209567687E-009,0.1524761717E-012,0.6995943537E-010,0.4989492607E-013,0.9424440098E-012,0.4676660703E-009,0.2340407963E-010,0.1425519224E-009,0.6437738799E-011,0.6786674113E-012,0.4903801065E-010,0.4679938966E-011,0.9832092020E+008,0.9776276575E-010,0.1522790094E-010,0.3844116872E-013,0.4095374444E-014,0.1659149461E+010,0.1575846800E-011,0.4801137536E-009,0.1111047133E-010,0.1442394068E-012,0.6229378724E-012,0.4368170301E-011,0.1117821812E-012,0.6713355509E+005,0.7412694585E-010,0.2008389407E-010,0.1639898396E-015,0.5772692299E+008]
    qcld: [0.1640158787E+008]
    nsource_col_out: [0.0000000000E+000]
    raercol_nsav: [0.9832092020E+008,0.4676660703E-009,0.2340407963E-010,0.1425519224E-009,0.6437738799E-011,0.6786674113E-012,0.4903801065E-010,0.4679938966E-011,0.1659149461E+010,0.9776276575E-010,0.1522790094E-010,0.3844116872E-013,0.4095374444E-014,0.6713355509E+005,0.1575846800E-011,0.4801137536E-009,0.1111047133E-010,0.1442394068E-012,0.6229378724E-012,0.4368170301E-011,0.1117821812E-012,0.5772692299E+008,0.7412694585E-010,0.2008389407E-010,0.1639898396E-015]
    raercol_cw_nsav: [0.1150436280E+008,0.7572766980E-010,0.3528456807E-011,0.2069800743E-010,0.9575449516E-012,0.9914251122E-013,0.7088103263E-011,0.6773052428E-012,0.5767865520E+007,0.5206452990E-011,0.5235715686E-012,0.1406190152E-014,0.1499371514E-015,0.1004488098E+005,0.2423456711E-012,0.7254779021E-010,0.1844728972E-011,0.2383205640E-013,0.1022091528E-012,0.6893519351E-012,0.1792375589E-013,0.0000000000E+000,0.0000000000E+000,0.0000000000E+000,0.0000000000E+000]
    factnum_col_out: [0.0000000000E+000,0.0000000000E+000,0.0000000000E+000,0.0000000000E+000]
    mam_idx: [         1,         9,        14,        22,         2,        10,        15,        23,         3,        11,        16,        24,         4,        12,        17,        25,         5,        13,        18,         0,         6,         0,        19,         0,         7,         0,        20,         0,         8,         0,        21,         0]
    nspec_amode: [         7,         4,         7,         3]
    numptr_amode: [        23,        28,        36,        40]
    lmassptr_amode: [        16,        17,        18,        19,        20,        21,        22,         0,         0,         0,         0,         0,         0,         0,        24,        25,        26,        27,         0,         0,         0,         0,         0,         0,         0,         0,         0,         0,        29,        30,        31,        32,        33,        34,        35,         0,         0,         0,         0,         0,         0,         0,        37,        38,        39,         0,         0,         0,         0,         0,         0,         0,         0,         0,         0,         0]
