# Data at [lat=   39.0553303768561      , lon=   262.904774388088      , k=          54 , time step=        1415 ] 
mam4xx:
  function: update_from_cldn_profile
input:
  fixed:
    dt:    0.00
    cldn_col_in: [0.9890049963E+000]
    dtinv: [0.1666666667E-002]
    wtke_col_in: [0.2861932349E+000]
    zs: [0.4374287049E-002]
    dz: [0.2472816733E+003]
    temp_col_in: [0.2513147524E+003]
    csbot_cscen: [0.1012563988E+001]
    raercol_nsav: [0.9873790560E+008,0.3327970698E-009,0.1647726514E-010,0.9885503558E-010,0.4319614452E-011,0.4835448006E-012,0.3105786841E-010,0.2883216144E-011,0.2049008235E+010,0.9349051707E-010,0.1006438303E-010,0.2978899237E-013,0.3177790575E-014,0.4307185096E+005,0.1076324947E-011,0.3651016665E-009,0.1011554603E-010,0.1211345006E-012,0.5106044965E-012,0.3644668069E-011,0.9237129219E-013,0.6084897059E+008,0.8020275653E-010,0.2132176921E-010,0.1460947853E-015]
    raercol_cw_nsav: [0.6870229311E+008,0.5532919724E-009,0.2079416420E-010,0.9558759686E-010,0.5356392241E-011,0.3952726754E-012,0.2904533025E-010,0.2719241017E-011,0.2465828027E+008,0.5607055067E-010,0.1835563484E-011,0.4450961468E-014,0.4753550533E-015,0.4122448663E+005,0.9723695063E-012,0.3120040241E-009,0.1458183279E-010,0.1743352075E-012,0.7234936933E-012,0.4281662792E-011,0.1106397861E-012,0.0000000000E+000,0.0000000000E+000,0.0000000000E+000,0.0000000000E+000]
    nsource_col: [-.7517556035E+003]
    qcld: [0.6703526010E+008]
    factnum_col: [0.0000000000E+000,0.0000000000E+000,0.0000000000E+000,0.0000000000E+000]
    ekd: [0.2248895984E+002]
    nact: [0.0000000000E+000,0.0000000000E+000,0.0000000000E+000,0.0000000000E+000]
    mact: [0.0000000000E+000,0.0000000000E+000,0.0000000000E+000,0.0000000000E+000]
    cs_col_in(kk): [0.1023253552E+001]
    cs_col_in(kp1): [0.1046594390E+001]
    state_q_col_in(kp1): [0.1043607208E-002,0.2155084611E-004,0.9749213472E-007,0.7884214413E+008,0.1499720187E+003,0.2090644277E-007,0.3902457359E-005,0.5157101596E+003,0.1537778294E+003,0.1082588882E-006,0.6174820425E-010,0.1387465895E-012,0.1247869677E-009,0.8533257448E-013,0.7240775820E-011,0.3463664836E-009,0.1607495828E-010,0.7791387994E-010,0.4190535863E-011,0.3322325360E-012,0.2218313525E-010,0.2150767857E-011,0.9972105295E+008,0.1068014089E-009,0.1080916368E-010,0.2464315264E-013,0.2678948171E-014,0.2395373414E+010,0.7880637918E-012,0.2410135948E-009,0.1051839887E-010,0.1259447434E-012,0.5223729560E-012,0.3199501594E-011,0.8245241692E-013,0.2999266195E+005,0.9064818922E-010,0.2362975794E-010,0.1243126796E-015,0.6741796697E+008]
    top_lev: [         7]
    pver: [        72]
    ntot_amode: [         4]
    nspec_amode: [         7,         4,         7,         3]
