# Data at [lat=   39.0553303768561      , lon=   262.904774388088      , k=          54 , time step=        1415 ] 
mam4xx:
  function: update_from_newcld
input:
  fixed:
    dt:    0.00
    cldn_col_in: [0.9890049963E+000]
    cldo_col_in: [0.9956596140E+000]
    dtinv: [0.1666666667E-002]
    wtke_col_in: [0.2861932349E+000]
    temp_col_in: [0.2513147524E+003]
    cs_col_in: [0.1023253552E+001]
    state_q_col_in: [0.9172606662E-003,0.6114834574E-004,0.9288175362E-007,0.6748631347E+008,0.1387723562E+003,0.1505592063E-006,0.3304656215E-005,0.3409097619E+003,0.1583584128E+003,0.1124988035E-006,0.8698464409E-010,0.1798666847E-012,0.4490159533E-010,0.7991578766E-013,0.6349357507E-011,0.3290741902E-009,0.1633734955E-010,0.9821186500E-010,0.4283573438E-011,0.4808851694E-012,0.3086243404E-010,0.2864919462E-011,0.9827563544E+008,0.9311324083E-010,0.1005203226E-010,0.2975904363E-013,0.3174592102E-014,0.2048842319E+010,0.1069782263E-011,0.3630023166E-009,0.1001743073E-010,0.1199614690E-012,0.5057363978E-012,0.3615858478E-011,0.9162684147E-013,0.4279446794E+005,0.8020275653E-010,0.2132176921E-010,0.1460947853E-015,0.6084897059E+008]
    qcld: [0.6748631347E+008]
    nsource_col_out: [0.0000000000E+000]
    raercol_nsav: [0.9827563544E+008,0.3290741902E-009,0.1633734955E-010,0.9821186500E-010,0.4283573438E-011,0.4808851694E-012,0.3086243404E-010,0.2864919462E-011,0.2048842319E+010,0.9311324083E-010,0.1005203226E-010,0.2975904363E-013,0.3174592102E-014,0.4279446794E+005,0.1069782263E-011,0.3630023166E-009,0.1001743073E-010,0.1199614690E-012,0.5057363978E-012,0.3615858478E-011,0.9162684147E-013,0.6084897059E+008,0.8020275653E-010,0.2132176921E-010,0.1460947853E-015]
    raercol_cw_nsav: [0.6916456326E+008,0.5570148520E-009,0.2093407978E-010,0.9623076744E-010,0.5392433255E-011,0.3979323066E-012,0.2924076462E-010,0.2737537699E-011,0.2482419594E+008,0.5644782690E-010,0.1847914254E-011,0.4480910202E-014,0.4785535267E-015,0.4150186965E+005,0.9789121904E-012,0.3141033740E-009,0.1467994809E-010,0.1755082391E-012,0.7283617920E-012,0.4310472382E-011,0.1113842368E-012,0.0000000000E+000,0.0000000000E+000,0.0000000000E+000,0.0000000000E+000]
    factnum_col_out: [0.0000000000E+000,0.0000000000E+000,0.0000000000E+000,0.0000000000E+000]
    mam_idx: [         1,         9,        14,        22,         2,        10,        15,        23,         3,        11,        16,        24,         4,        12,        17,        25,         5,        13,        18,         0,         6,         0,        19,         0,         7,         0,        20,         0,         8,         0,        21,         0]
    nspec_amode: [         7,         4,         7,         3]
    numptr_amode: [        23,        28,        36,        40]
    lmassptr_amode: [        16,        17,        18,        19,        20,        21,        22,         0,         0,         0,         0,         0,         0,         0,        24,        25,        26,        27,         0,         0,         0,         0,         0,         0,         0,         0,         0,         0,        29,        30,        31,        32,        33,        34,        35,         0,         0,         0,         0,         0,         0,         0,        37,        38,        39,         0,         0,         0,         0,         0,         0,         0,         0,         0,         0,         0]
