# Data at [lat=   39.0553303768561      , lon=   262.904774388088      , k=          54 , time step=        1402 ] 
mam4xx:
  function: update_from_newcld
input:
  fixed:
    dt:    0.00
    cldn_col_in: [0.2779887525E+000]
    cldo_col_in: [0.2985578080E+000]
    dtinv: [0.1666666667E-002]
    wtke_col_in: [0.2556753903E+000]
    temp_col_in: [0.2538687326E+003]
    cs_col_in: [0.1010384180E+001]
    state_q_col_in: [0.1094110565E-002,0.8852407620E-005,0.1410636644E-006,0.2720075107E+008,0.1917880446E+003,0.1165912868E-006,0.9222525738E-005,0.3740124858E+002,0.2238908515E+003,0.1055973302E-006,0.9764186961E-010,0.4377495899E-012,0.6639386288E-010,0.5492992953E-014,0.9667652542E-011,0.4055138801E-009,0.1725106466E-010,0.9860645097E-010,0.4768114407E-011,0.4805003129E-012,0.3741244492E-010,0.3625206695E-011,0.8092045279E+008,0.1116732913E-009,0.9400280450E-011,0.3458302042E-013,0.3751933301E-014,0.1845807812E+010,0.1258137929E-011,0.3647539932E-009,0.8556510857E-011,0.1230740754E-012,0.5257205976E-012,0.3233061844E-011,0.8796198710E-013,0.5083027652E+005,0.8177934198E-010,0.2246041871E-010,0.1811436766E-015,0.6350318909E+008]
    qcld: [0.2720075107E+008]
    nsource_col_out: [0.0000000000E+000]
    raercol_nsav: [0.8092045279E+008,0.4055138801E-009,0.1725106466E-010,0.9860645097E-010,0.4768114407E-011,0.4805003129E-012,0.3741244492E-010,0.3625206695E-011,0.1845807812E+010,0.1116732913E-009,0.9400280450E-011,0.3458302042E-013,0.3751933301E-014,0.5083027652E+005,0.1258137929E-011,0.3647539932E-009,0.8556510857E-011,0.1230740754E-012,0.5257205976E-012,0.3233061844E-011,0.8796198710E-013,0.6350318909E+008,0.8177934198E-010,0.2246041871E-010,0.1811436766E-015]
    raercol_cw_nsav: [0.1671228455E+008,0.1470145041E-009,0.5701965906E-011,0.3193538310E-010,0.1590802237E-011,0.1538299093E-012,0.1240420193E-010,0.1184515357E-011,0.5145978133E+007,0.7186032474E-011,0.5342801725E-012,0.1883836940E-014,0.2051208552E-015,0.1492023602E+005,0.4242073447E-012,0.1265302999E-009,0.3025101129E-011,0.3861511451E-013,0.1565205427E-012,0.1072503154E-011,0.2901141377E-013,0.0000000000E+000,0.0000000000E+000,0.0000000000E+000,0.0000000000E+000]
    factnum_col_out: [0.0000000000E+000,0.0000000000E+000,0.0000000000E+000,0.0000000000E+000]
    mam_idx: [         1,         9,        14,        22,         2,        10,        15,        23,         3,        11,        16,        24,         4,        12,        17,        25,         5,        13,        18,         0,         6,         0,        19,         0,         7,         0,        20,         0,         8,         0,        21,         0]
    nspec_amode: [         7,         4,         7,         3]
    numptr_amode: [        23,        28,        36,        40]
    lmassptr_amode: [        16,        17,        18,        19,        20,        21,        22,         0,         0,         0,         0,         0,         0,         0,        24,        25,        26,        27,         0,         0,         0,         0,         0,         0,         0,         0,         0,         0,        29,        30,        31,        32,        33,        34,        35,         0,         0,         0,         0,         0,         0,         0,        37,        38,        39,         0,         0,         0,         0,         0,         0,         0,         0,         0,         0,         0]
