# Data at [lat=   39.0553303768561      , lon=   262.904774388088      , k=          54 , time step=        1413 ] 
mam4xx:
  function: update_from_newcld
input:
  fixed:
    dt:    0.00
    cldn_col_in: [0.9783240361E+000]
    cldo_col_in: [0.9946072908E+000]
    dtinv: [0.1666666667E-002]
    wtke_col_in: [0.3450696613E+000]
    temp_col_in: [0.2515121714E+003]
    cs_col_in: [0.1022039241E+001]
    state_q_col_in: [0.9256422826E-003,0.8257477350E-004,0.1807866186E-007,0.6627261380E+008,0.6278066340E-001,0.1573442348E-006,0.4985448286E-005,0.5592656474E+003,0.1841624215E+003,0.1110477849E-006,0.8810481076E-010,0.5111711715E-013,0.5479507819E-010,0.9035832367E-013,0.4702200206E-011,0.3532442061E-009,0.1708733089E-010,0.1001744400E-009,0.4486468265E-011,0.4732135325E-012,0.3121742463E-010,0.2908204142E-011,0.1003231720E+009,0.8825515113E-010,0.1069101364E-010,0.2999485130E-013,0.3162903115E-014,0.1955102804E+010,0.1031156354E-011,0.3550349464E-009,0.1067546683E-010,0.1279198946E-012,0.5419065890E-012,0.3695606284E-011,0.9346215926E-013,0.4369717073E+005,0.8134597114E-010,0.2158986092E-010,0.1455970265E-015,0.6179512768E+008]
    qcld: [0.6627261380E+008]
    nsource_col_out: [0.0000000000E+000]
    raercol_nsav: [0.1003231720E+009,0.3532442061E-009,0.1708733089E-010,0.1001744400E-009,0.4486468265E-011,0.4732135325E-012,0.3121742463E-010,0.2908204142E-011,0.1955102804E+010,0.8825515113E-010,0.1069101364E-010,0.2999485130E-013,0.3162903115E-014,0.4369717073E+005,0.1031156354E-011,0.3550349464E-009,0.1067546683E-010,0.1279198946E-012,0.5419065890E-012,0.3695606284E-011,0.9346215926E-013,0.6179512768E+008,0.8134597114E-010,0.2158986092E-010,0.1455970265E-015]
    raercol_cw_nsav: [0.6644525376E+008,0.5421983416E-009,0.1991556968E-010,0.9488679292E-010,0.5143243686E-011,0.4057786040E-012,0.2975079632E-010,0.2787444275E-011,0.3138707521E+008,0.7026706042E-010,0.2149287878E-011,0.5388750816E-014,0.5732877039E-015,0.4140072502E+005,0.1005417189E-011,0.3175418539E-009,0.1350466135E-010,0.1619286971E-012,0.6765621881E-012,0.4068669835E-011,0.1052145392E-012,0.0000000000E+000,0.0000000000E+000,0.0000000000E+000,0.0000000000E+000]
    factnum_col_out: [0.0000000000E+000,0.0000000000E+000,0.0000000000E+000,0.0000000000E+000]
    mam_idx: [         1,         9,        14,        22,         2,        10,        15,        23,         3,        11,        16,        24,         4,        12,        17,        25,         5,        13,        18,         0,         6,         0,        19,         0,         7,         0,        20,         0,         8,         0,        21,         0]
    nspec_amode: [         7,         4,         7,         3]
    numptr_amode: [        23,        28,        36,        40]
    lmassptr_amode: [        16,        17,        18,        19,        20,        21,        22,         0,         0,         0,         0,         0,         0,         0,        24,        25,        26,        27,         0,         0,         0,         0,         0,         0,         0,         0,         0,         0,        29,        30,        31,        32,        33,        34,        35,         0,         0,         0,         0,         0,         0,         0,        37,        38,        39,         0,         0,         0,         0,         0,         0,         0,         0,         0,         0,         0]
