# Data at [lat=   39.0553303768561      , lon=   262.904774388088      , k=          54 , time step=        1409 ] 
mam4xx:
  function: update_from_cldn_profile
input:
  fixed:
    dt:    0.00
    cldn_col_in: [0.1100616471E+000]
    dtinv: [0.1666666667E-002]
    wtke_col_in: [0.3760692874E+000]
    zs: [0.4368917849E-002]
    dz: [0.2477328726E+003]
    temp_col_in: [0.2517191301E+003]
    csbot_cscen: [0.1013195115E+001]
    raercol_nsav: [0.1027746022E+009,0.4969825098E-009,0.2477005050E-010,0.1505647384E-009,0.6808433008E-011,0.7170484343E-012,0.5178202683E-010,0.4942144026E-011,0.1661382373E+010,0.9977833899E-010,0.1543059111E-010,0.3898554687E-013,0.4153419587E-014,0.7102222811E+005,0.1669666037E-011,0.5081991670E-009,0.1182462094E-010,0.1534655067E-012,0.6625060838E-012,0.4635038995E-011,0.1187210017E-012,0.5772692299E+008,0.7412694585E-010,0.2008389407E-010,0.1639898396E-015]
    raercol_cw_nsav: [0.7050680841E+007,0.4641123024E-010,0.2162485941E-011,0.1268519143E-010,0.5868507421E-012,0.6076148820E-013,0.4344087087E-011,0.4151001826E-012,0.3534952750E+007,0.3190879755E-011,0.3208813989E-012,0.8618120045E-015,0.9189200822E-016,0.6156207967E+004,0.1485264338E-012,0.4446237688E-010,0.1130579368E-011,0.1460595658E-013,0.6264094137E-013,0.4224832411E-012,0.1098493541E-013,0.0000000000E+000,0.0000000000E+000,0.0000000000E+000,0.0000000000E+000]
    nsource_col: [-.1058257307E+005]
    qcld: [0.1005204403E+008]
    factnum_col: [0.0000000000E+000,0.0000000000E+000,0.0000000000E+000,0.0000000000E+000]
    ekd: [0.1968795132E+002]
    nact: [0.0000000000E+000,0.0000000000E+000,0.0000000000E+000,0.0000000000E+000]
    mact: [0.0000000000E+000,0.0000000000E+000,0.0000000000E+000,0.0000000000E+000]
    cs_col_in(kk): [0.1022282793E+001]
    cs_col_in(kp1): [0.1046899745E+001]
    state_q_col_in(kp1): [0.1002218998E-002,0.1061516620E-004,0.1720067856E-008,0.2228390201E+008,0.9316700295E+000,0.1024705871E-006,0.4400928998E-005,0.1265592098E+002,0.1738855864E+003,0.1059518261E-006,0.9999331391E-010,0.2237437206E-012,0.1473538386E-009,0.1042246470E-013,0.2029443419E-011,0.5294406790E-009,0.2479230808E-010,0.1334796786E-009,0.6566445550E-011,0.5932921507E-012,0.4304169252E-010,0.4096482073E-011,0.1070723405E+009,0.1061134916E-009,0.1503371457E-010,0.3325036989E-013,0.3534597175E-014,0.1840722961E+010,0.1448846160E-011,0.4487332447E-009,0.1410696015E-010,0.1766422843E-012,0.7589812362E-012,0.4830424881E-011,0.1242685602E-012,0.5928821420E+005,0.8236321236E-010,0.2187543477E-010,0.1468502094E-015,0.6320301699E+008]
    top_lev: [         7]
    pver: [        72]
    ntot_amode: [         4]
    nspec_amode: [         7,         4,         7,         3]
