# Data at [lat=   39.0553303768561      , lon=   262.904774388088      , k=          54 , time step=        1406 ] 
mam4xx:
  function: update_from_newcld
input:
  fixed:
    dt:    0.00
    cldn_col_in: [0.2228047700E-001]
    cldo_col_in: [0.5502781088E-001]
    dtinv: [0.1666666667E-002]
    wtke_col_in: [0.2241076667E+000]
    temp_col_in: [0.2524349778E+003]
    cs_col_in: [0.1018114707E+001]
    state_q_col_in: [0.9223686776E-003,0.1637170335E-005,0.1816330688E-007,0.1744786218E+008,0.3864109842E+002,0.1336660397E-005,0.5005809215E-005,0.2758420721E+002,0.1985347855E+003,0.1081551766E-006,0.1156945582E-009,0.5367185886E-012,0.5659187455E-010,0.2498862743E-014,0.5053776748E-011,0.4416154400E-009,0.2063649490E-010,0.1263150203E-009,0.5770795727E-011,0.6228999899E-012,0.4735792953E-010,0.4522011316E-011,0.9131046124E+008,0.1049458928E-009,0.1217719305E-010,0.3743037504E-013,0.4010793771E-014,0.1732510141E+010,0.1469168223E-011,0.4549527123E-009,0.9936088331E-011,0.1308256249E-012,0.5583773211E-012,0.3851898748E-011,0.1019078820E-012,0.6441091461E+005,0.7712307546E-010,0.2103444566E-010,0.1720019228E-015,0.6003591528E+008]
    qcld: [0.1744786218E+008]
    nsource_col_out: [0.0000000000E+000]
    raercol_nsav: [0.9131046124E+008,0.4416154400E-009,0.2063649490E-010,0.1263150203E-009,0.5770795727E-011,0.6228999899E-012,0.4735792953E-010,0.4522011316E-011,0.1732510141E+010,0.1049458928E-009,0.1217719305E-010,0.3743037504E-013,0.4010793771E-014,0.6441091461E+005,0.1469168223E-011,0.4549527123E-009,0.9936088331E-011,0.1308256249E-012,0.5583773211E-012,0.3851898748E-011,0.1019078820E-012,0.6003591528E+008,0.7712307546E-010,0.2103444566E-010,0.1720019228E-015]
    raercol_cw_nsav: [0.4885477260E+007,0.6056111402E-010,0.2786006759E-011,0.1686563946E-010,0.7732124801E-012,0.8362609871E-013,0.6169501339E-011,0.5891690432E-012,0.1375351801E+007,0.2611680158E-011,0.2708814585E-012,0.8300102093E-015,0.8942624016E-016,0.5077147388E+004,0.2078055804E-012,0.6144581209E-010,0.1354517347E-011,0.1786976681E-013,0.7559604313E-013,0.5262322662E-012,0.1395787498E-013,0.0000000000E+000,0.0000000000E+000,0.0000000000E+000,0.0000000000E+000]
    factnum_col_out: [0.0000000000E+000,0.0000000000E+000,0.0000000000E+000,0.0000000000E+000]
    mam_idx: [         1,         9,        14,        22,         2,        10,        15,        23,         3,        11,        16,        24,         4,        12,        17,        25,         5,        13,        18,         0,         6,         0,        19,         0,         7,         0,        20,         0,         8,         0,        21,         0]
    nspec_amode: [         7,         4,         7,         3]
    numptr_amode: [        23,        28,        36,        40]
    lmassptr_amode: [        16,        17,        18,        19,        20,        21,        22,         0,         0,         0,         0,         0,         0,         0,        24,        25,        26,        27,         0,         0,         0,         0,         0,         0,         0,         0,         0,         0,        29,        30,        31,        32,        33,        34,        35,         0,         0,         0,         0,         0,         0,         0,        37,        38,        39,         0,         0,         0,         0,         0,         0,         0,         0,         0,         0,         0]
