# Data at [lat=   39.0553303768561      , lon=   262.904774388088      , k=          54 , time step=        1408 ] 
mam4xx:
  function: update_from_newcld
input:
  fixed:
    dt:    0.00
    cldn_col_in: [0.1223419135E-001]
    cldo_col_in: [0.9765641548E-002]
    dtinv: [0.1666666667E-002]
    wtke_col_in: [0.2744434054E+000]
    temp_col_in: [0.2520039830E+003]
    cs_col_in: [0.1021001531E+001]
    state_q_col_in: [0.8647179630E-003,0.2793307854E-005,0.1835268711E-007,0.8885940101E+006,0.3655402312E+001,0.2798263525E-011,0.2652150254E-005,0.1081808420E+000,0.1320378955E+003,0.1093450838E-006,0.1206870191E-009,0.4664261114E-012,0.6179027013E-010,0.9633705370E-014,0.2563691482E-011,0.5147830377E-009,0.2555669766E-010,0.1577513799E-009,0.7069274570E-011,0.7749274864E-012,0.5629436205E-010,0.5388019541E-011,0.1036044668E+009,0.1018843146E-009,0.1448971099E-010,0.3972275840E-013,0.4247700280E-014,0.1668134718E+010,0.1856233188E-011,0.5636848595E-009,0.1235584764E-010,0.1635268638E-012,0.7059906874E-012,0.4931281328E-011,0.1282921355E-012,0.7680138996E+005,0.7433464272E-010,0.2021730405E-010,0.1682673894E-015,0.5797470610E+008]
    qcld: [0.8885940101E+006]
    nsource_col_out: [0.0000000000E+000]
    raercol_nsav: [0.1036044668E+009,0.5147830377E-009,0.2555669766E-010,0.1577513799E-009,0.7069274570E-011,0.7749274864E-012,0.5629436205E-010,0.5388019541E-011,0.1668134718E+010,0.1018843146E-009,0.1448971099E-010,0.3972275840E-013,0.4247700280E-014,0.7680138996E+005,0.1856233188E-011,0.5636848595E-009,0.1235584764E-010,0.1635268638E-012,0.7059906874E-012,0.4931281328E-011,0.1282921355E-012,0.5797470610E+008,0.7433464272E-010,0.2021730405E-010,0.1682673894E-015]
    raercol_cw_nsav: [0.5370768193E+005,0.3983450695E-012,0.1853625957E-013,0.1086869894E-012,0.5046331623E-014,0.5287365464E-015,0.3783278666E-013,0.3617263964E-014,0.1391276986E+005,0.1654698070E-013,0.1726114774E-014,0.5005522886E-017,0.5355292629E-018,0.5361412692E+002,0.1316283147E-014,0.3864054548E-012,0.9835278449E-014,0.1263283064E-015,0.5370576649E-015,0.3626712818E-014,0.9512701468E-016,0.0000000000E+000,0.0000000000E+000,0.0000000000E+000,0.0000000000E+000]
    factnum_col_out: [0.0000000000E+000,0.0000000000E+000,0.0000000000E+000,0.0000000000E+000]
    mam_idx: [         1,         9,        14,        22,         2,        10,        15,        23,         3,        11,        16,        24,         4,        12,        17,        25,         5,        13,        18,         0,         6,         0,        19,         0,         7,         0,        20,         0,         8,         0,        21,         0]
    nspec_amode: [         7,         4,         7,         3]
    numptr_amode: [        23,        28,        36,        40]
    lmassptr_amode: [        16,        17,        18,        19,        20,        21,        22,         0,         0,         0,         0,         0,         0,         0,        24,        25,        26,        27,         0,         0,         0,         0,         0,         0,         0,         0,         0,         0,        29,        30,        31,        32,        33,        34,        35,         0,         0,         0,         0,         0,         0,         0,        37,        38,        39,         0,         0,         0,         0,         0,         0,         0,         0,         0,         0,         0]
