# Data at [lat=   39.0553303768561      , lon=   262.904774388088      , k=          54 , time step=        1407 ] 
mam4xx:
  function: update_from_cldn_profile
input:
  fixed:
    dt:    0.00
    cldn_col_in: [0.1039108176E-001]
    dtinv: [0.1666666667E-002]
    wtke_col_in: [0.2330456614E+000]
    zs: [0.4359578575E-002]
    dz: [0.2481310921E+003]
    temp_col_in: [0.2521759162E+003]
    csbot_cscen: [0.1012601494E+001]
    raercol_nsav: [0.9654409028E+008,0.4950663634E-009,0.2337809451E-010,0.1437013909E-009,0.6510821703E-011,0.7071779738E-012,0.5305065654E-010,0.5067547101E-011,0.1710098188E+010,0.1053993054E-009,0.1255626988E-010,0.3849164436E-013,0.4118001049E-014,0.7033094018E+005,0.1702486633E-011,0.5231687739E-009,0.1160833062E-010,0.1520954679E-012,0.6516092126E-012,0.4513086400E-011,0.1189271575E-012,0.5949835214E+008,0.7637095297E-010,0.2077809203E-010,0.1693268405E-015]
    raercol_cw_nsav: [0.1134680896E+007,0.1520647155E-010,0.7197496425E-012,0.4356489469E-011,0.1990914694E-012,0.2152389254E-013,0.1574103036E-011,0.1503592461E-012,0.3004728886E+006,0.6154576005E-012,0.6733091102E-013,0.2026315160E-015,0.2178077467E-016,0.1202415656E+004,0.5328399796E-013,0.1570151623E-010,0.3516486909E-012,0.4635977147E-014,0.1976336973E-013,0.1366849015E-012,0.3622121304E-014,0.0000000000E+000,0.0000000000E+000,0.0000000000E+000,0.0000000000E+000]
    nsource_col: [-.1869978447E+005]
    qcld: [0.5085392165E+007]
    factnum_col: [0.0000000000E+000,0.0000000000E+000,0.0000000000E+000,0.0000000000E+000]
    ekd: [0.1107826123E+002]
    nact: [0.0000000000E+000,0.0000000000E+000,0.0000000000E+000,0.0000000000E+000]
    mact: [0.0000000000E+000,0.0000000000E+000,0.0000000000E+000,0.0000000000E+000]
    cs_col_in(kk): [0.1019785295E+001]
    cs_col_in(kp1): [0.1043123949E+001]
    state_q_col_in(kp1): [0.9835697905E-003,0.1964915056E-005,0.3039515269E-008,0.4436142764E+007,0.9941028606E+001,0.1099371079E-006,0.7027088905E-005,0.3166404135E+002,0.1585115583E+003,0.1056331714E-006,0.1065035071E-009,0.7096024095E-012,0.1222776307E-009,0.3321189866E-015,0.2955575240E-011,0.5643259490E-009,0.2714910582E-010,0.1604060271E-009,0.7479525638E-011,0.7615125088E-012,0.5645916519E-010,0.5379759402E-011,0.1101171759E+009,0.1082152660E-009,0.1439530828E-010,0.3763158354E-013,0.4019303250E-014,0.1740580083E+010,0.1833849293E-011,0.5521007058E-009,0.1319269717E-010,0.1748380042E-012,0.7565384866E-012,0.5039131292E-011,0.1325403859E-012,0.7689563198E+005,0.7768613647E-010,0.2102838949E-010,0.1634896327E-015,0.6032709264E+008]
    top_lev: [         7]
    pver: [        72]
    ntot_amode: [         4]
    nspec_amode: [         7,         4,         7,         3]
