# Data at [lat=   39.0553303768561      , lon=   262.904774388088      , k=          54 , time step=        1416 ] 
mam4xx:
  function: update_from_cldn_profile
input:
  fixed:
    dt:    0.00
    dtinv: [0.1666666667E-002]
    wtke_col_in: [0.2660863725E+000]
    zs: [0.4374173425E-002]
    dz: [0.2472683583E+003]
    temp_col_in: [0.2512437090E+003]
    csbot_cscen: [0.1012455069E+001]
    raercol_cw_nsav: [0.5380928686E+008,0.3944168451E-009,0.1704904530E-010,0.8219083690E-010,0.4437957829E-011,0.3508660073E-012,0.2513266388E-010,0.2355498858E-011,0.1567254179E+008,0.2293143968E-010,0.1378918257E-011,0.3493920090E-014,0.3754622475E-015,0.3544779052E+005,0.8083513524E-012,0.2672314367E-009,0.1148975361E-010,0.1386170801E-012,0.5746084550E-012,0.3488208403E-011,0.8960299644E-013,0.0000000000E+000,0.0000000000E+000,0.0000000000E+000,0.0000000000E+000]
    nsource_col: [-.3762195674E+005]
    qcld: [0.5524885124E+008]
    factnum_col: [0.0000000000E+000,0.0000000000E+000,0.0000000000E+000,0.0000000000E+000]
    ekd: [0.1372399883E+002]
    nact: [0.0000000000E+000,0.0000000000E+000,0.0000000000E+000,0.0000000000E+000]
    mact: [0.0000000000E+000,0.0000000000E+000,0.0000000000E+000,0.0000000000E+000]
    cs_col_in_kk: [0.1024260068E+001]
    cs_col_in_kp1: [0.1047398848E+001]
    cldn_col_in_kk: [0.6833767495E+000]
    cldn_col_in_kp1: [0.6111763969E-001]
    raercol_nsav_kk: [0.1101234872E+009,0.4586151607E-009,0.2216495837E-010,0.1206937919E-009,0.5781070705E-011,0.5706084805E-012,0.3665550980E-010,0.3457912086E-011,0.2091324560E+010,0.1096391871E-009,0.1117407675E-010,0.3273863050E-013,0.3523616802E-014,0.5081933649E+005,0.1294130008E-011,0.4102027481E-009,0.1354183251E-010,0.1689869130E-012,0.7155764339E-012,0.4651671190E-011,0.1175678564E-012,0.5976882913E+008,0.7896617207E-010,0.2102424981E-010,0.1477271893E-015]
    raercol_nsav_kp1: [0.1416165048E+009,0.7164389346E-009,0.3387650277E-010,0.1641040785E-009,0.8778750830E-011,0.7110138531E-012,0.4951735541E-010,0.4696775033E-011,0.2237489008E+010,0.1191752704E-009,0.1280228115E-010,0.3391495521E-013,0.3660783403E-014,0.6559360883E+005,0.1597165673E-011,0.5133401895E-009,0.2122570267E-010,0.2579168852E-012,0.1069569268E-011,0.6506729825E-011,0.1650405468E-012,0.6280725056E+008,0.8383095190E-010,0.2205118955E-010,0.1387386657E-015]
    state_q_col_in_kp1: [0.9996066652E-003,0.2385987962E-005,0.1012241901E-006,0.5265548420E+008,0.1514828855E+003,0.5065837406E-007,0.2636563513E-005,0.2296455463E+003,0.1512399567E+003,0.1097141014E-006,0.7301567999E-010,0.6058113958E-012,0.1212617621E-009,0.5644135838E-013,0.7682015324E-011,0.4942037376E-009,0.2395922412E-010,0.1172886320E-009,0.6206361995E-011,0.5133102812E-012,0.3533773080E-010,0.3366641536E-011,0.1155030998E+009,0.1105778665E-009,0.1210273114E-010,0.3218755510E-013,0.3475163474E-014,0.2231626371E+010,0.1137220964E-011,0.3617833603E-009,0.1440271346E-010,0.1755236768E-012,0.7285093598E-012,0.4462628225E-011,0.1124571612E-012,0.4793852267E+005,0.8383095190E-010,0.2205118955E-010,0.1387386657E-015,0.6280725056E+008]
    top_lev: [         7]
    pver: [        72]
    ntot_amode: [         4]
    nspec_amode: [         7,         4,         7,         3]
