# Data at [lat=   39.0553303768561      , lon=   262.904774388088      , k=          54 , time step=        1406 ] 
mam4xx:
  function: update_from_cldn_profile
input:
  fixed:
    dt:    0.00
    dtinv: [0.1666666667E-002]
    wtke_col_in: [0.2241076667E+000]
    zs: [0.4355439586E-002]
    dz: [0.2483362287E+003]
    temp_col_in: [0.2524349778E+003]
    csbot_cscen: [0.1012489849E+001]
    raercol_cw_nsav: [0.1978104562E+007,0.2452088293E-010,0.1128039777E-011,0.6828810490E-011,0.3130697480E-012,0.3385977635E-013,0.2497999294E-011,0.2385515089E-012,0.5568728554E+006,0.1057455835E-011,0.1096785064E-012,0.3360668558E-015,0.3620822373E-016,0.2055710809E+004,0.8413940843E-013,0.2487909261E-010,0.5484370926E-012,0.7235376479E-014,0.3060844823E-013,0.2130687323E-012,0.5651471638E-014,0.0000000000E+000,0.0000000000E+000,0.0000000000E+000,0.0000000000E+000]
    nsource_col: [-.1730552118E+005]
    qcld: [0.7064549468E+007]
    factnum_col: [0.0000000000E+000,0.0000000000E+000,0.0000000000E+000,0.0000000000E+000]
    ekd: [0.1069567424E+002]
    nact: [0.0000000000E+000,0.0000000000E+000,0.0000000000E+000,0.0000000000E+000]
    mact: [0.0000000000E+000,0.0000000000E+000,0.0000000000E+000,0.0000000000E+000]
    cs_col_in_kk: [0.1018114707E+001]
    cs_col_in_kp1: [0.1041186977E+001]
    cldn_col_in_kk: [0.2228047700E-001]
    cldn_col_in_kp1: [0.6836969002E-002]
    raercol_nsav_kk: [0.9421783394E+008,0.4776556711E-009,0.2229446188E-010,0.1363518493E-009,0.6230938459E-011,0.6726663123E-012,0.5102943158E-010,0.4872628850E-011,0.1733328620E+010,0.1065001172E-009,0.1233839600E-010,0.3792431840E-013,0.4064011787E-014,0.6743235119E+005,0.1592834395E-011,0.4915194317E-009,0.1074216859E-010,0.1414600152E-012,0.6033649160E-012,0.4165062282E-011,0.1102142853E-012,0.6003591528E+008,0.7712307546E-010,0.2103444566E-010,0.1720019228E-015]
    raercol_nsav_kp1: [0.1092254209E+009,0.5599135421E-009,0.2615889603E-010,0.1548924769E-009,0.7239951134E-011,0.7341888514E-012,0.5529895672E-010,0.5269566005E-011,0.1761734259E+010,0.1101724994E-009,0.1415026276E-010,0.3725991775E-013,0.3999067950E-014,0.7537359562E+005,0.1775837713E-011,0.5416746238E-009,0.1267951488E-010,0.1687303041E-012,0.7287482483E-012,0.4878246408E-011,0.1282602006E-012,0.6088861808E+008,0.7843557104E-010,0.2128727373E-010,0.1665341670E-015]
    state_q_col_in_kp1: [0.1022443867E-002,0.1266724358E-005,0.9324144244E-008,0.4692775565E+007,0.2729863538E+002,0.1094382882E-006,0.6766154091E-005,0.2031649309E+002,0.1775940084E+003,0.1050820289E-006,0.1037717093E-009,0.6370838459E-012,0.1235037280E-009,0.2312952200E-015,0.3135011391E-011,0.5598365653E-009,0.2615539320E-010,0.1548713160E-009,0.7238984135E-011,0.7340834892E-012,0.5529118140E-010,0.5268823475E-011,0.1092150317E+009,0.1101693284E-009,0.1414990618E-010,0.3725882703E-013,0.3998950415E-014,0.1761731225E+010,0.1775576892E-011,0.5415974389E-009,0.1267772715E-010,0.1687070372E-012,0.7286500310E-012,0.4877577479E-011,0.1282424524E-012,0.7536304269E+005,0.7843557104E-010,0.2128727373E-010,0.1665341670E-015,0.6088861808E+008]
    top_lev: [         7]
    pver: [        72]
    ntot_amode: [         4]
    nspec_amode: [         7,         4,         7,         3]
