# Data at [lat=   39.0553303768561      , lon=   262.904774388088      , k=          54 , time step=        1410 ] 
mam4xx:
  function: update_from_cldn_profile
input:
  fixed:
    dt:    0.00
    dtinv: [0.1666666667E-002]
    wtke_col_in: [0.3945409021E+000]
    zs: [0.4371955058E-002]
    dz: [0.2475294513E+003]
    temp_col_in: [0.2515421904E+003]
    csbot_cscen: [0.1013085603E+001]
    raercol_cw_nsav: [0.5009806092E+008,0.3421453785E-009,0.1444036085E-010,0.7559169239E-010,0.3800198109E-011,0.3351676143E-012,0.2417620352E-010,0.2296031677E-011,0.3066882316E+008,0.3271839388E-010,0.2340012444E-011,0.5652488077E-014,0.5984708015E-015,0.3362846871E+005,0.8295783186E-012,0.2554977122E-009,0.9049222767E-011,0.1108373697E-012,0.4688964771E-012,0.2916362322E-011,0.7556264068E-013,0.0000000000E+000,0.0000000000E+000,0.0000000000E+000,0.0000000000E+000]
    nsource_col: [0.3670744753E+005]
    qcld: [0.6463254114E+008]
    factnum_col: [0.7851500170E+000,0.2922287322E-001,0.9999999255E+000,0.0000000000E+000]
    ekd: [0.2393825076E+002]
    nact: [0.0000000000E+000,0.0000000000E+000,0.0000000000E+000,0.0000000000E+000]
    mact: [0.0000000000E+000,0.0000000000E+000,0.0000000000E+000,0.0000000000E+000]
    cs_col_in_kk: [0.1022631545E+001]
    cs_col_in_kp1: [0.1047031646E+001]
    cldn_col_in_kk: [0.8013471903E+000]
    cldn_col_in_kp1: [0.7950526460E+000]
    raercol_nsav_kk: [0.9100527621E+008,0.4135697113E-009,0.1902534725E-010,0.1064971384E-009,0.5071908925E-011,0.4866346790E-012,0.3496084312E-010,0.3319365125E-011,0.1822656190E+010,0.9946101877E-010,0.1271479104E-010,0.3212361911E-013,0.3420807838E-014,0.4812400085E+005,0.1159312411E-011,0.3601224952E-009,0.1106195337E-010,0.1389732053E-012,0.5970028127E-012,0.3810609815E-011,0.9788536388E-013,0.6201315618E+008,0.8088488579E-010,0.2154418124E-010,0.1502247844E-015]
    raercol_nsav_kp1: [0.9412147456E+008,0.4334940780E-009,0.1935124218E-010,0.1030608415E-009,0.5097439772E-011,0.4567456432E-012,0.3321665886E-010,0.3155922225E-011,0.1916088329E+010,0.1042710336E-009,0.1249056967E-010,0.3012692408E-013,0.3208358425E-014,0.4551854242E+005,0.1116385844E-011,0.3454987720E-009,0.1204801122E-010,0.1492850804E-012,0.6385571040E-012,0.3924829705E-011,0.1012030441E-012,0.6444821466E+008,0.8460533581E-010,0.2239629516E-010,0.1429980194E-015]
    state_q_col_in_kp1: [0.1039495712E-002,0.3687148135E-004,0.4162738941E-007,0.4499316749E+008,0.6603315943E+000,0.3849202777E-008,0.1250039678E-005,0.1333792408E+003,0.1607674471E+003,0.1057112696E-006,0.8478034375E-010,0.1632386084E-012,0.1720298119E-009,0.4769613990E-013,0.4129739260E-011,0.5232757865E-009,0.2335911143E-010,0.1244059506E-009,0.6153179342E-011,0.5513430236E-012,0.4009621854E-010,0.3809550737E-011,0.1088710722E+009,0.1102705263E-009,0.1320924560E-010,0.3186035144E-013,0.3392959291E-014,0.1925835116E+010,0.1349098527E-011,0.4175186267E-009,0.1455944133E-010,0.1804038301E-012,0.7716655072E-012,0.4742967678E-011,0.1222990048E-012,0.5500696554E+005,0.8460533581E-010,0.2239629516E-010,0.1429980194E-015,0.6444821466E+008]
    top_lev: [         7]
    pver: [        72]
    ntot_amode: [         4]
    nspec_amode: [         7,         4,         7,         3]
