# Data at [lat=   39.0553303768561      , lon=   262.904774388088      , k=          54 , time step=        1411 ] 
mam4xx:
  function: update_from_newcld
input:
  fixed:
    dt:    0.00
    cldn_col_in: [0.9404861793E+000]
    cldo_col_in: [0.8630285664E+000]
    dtinv: [0.1666666667E-002]
    wtke_col_in: [0.3976825157E+000]
    temp_col_in: [0.2515988223E+003]
    cs_col_in: [0.1022085112E+001]
    state_q_col_in: [0.9343051239E-003,0.6412978936E-004,0.1652242568E-007,0.5930216756E+008,0.6192037437E+000,0.2274986681E-008,0.1081756701E-005,0.8827709805E+002,0.1389016574E+003,0.1101752254E-006,0.1019693198E-009,0.9633492779E-013,0.7455691301E-010,0.8951595387E-013,0.3311841360E-011,0.4237051266E-009,0.1993299750E-010,0.1134899369E-009,0.5316014298E-011,0.5235974172E-012,0.3716281853E-010,0.3511787044E-011,0.9954971569E+008,0.9630597965E-010,0.1202050296E-010,0.3259038603E-013,0.3470039117E-014,0.1848521218E+010,0.1185710353E-011,0.3815618922E-009,0.1147489476E-010,0.1437682538E-012,0.6182302840E-012,0.3984806194E-011,0.1019766126E-012,0.5110435726E+005,0.8063819990E-010,0.2145635456E-010,0.1501342552E-015,0.6164763753E+008]
    qcld: [0.5930216756E+008]
    nsource_col_out: [0.0000000000E+000]
    raercol_nsav: [0.9954971569E+008,0.4237051266E-009,0.1993299750E-010,0.1134899369E-009,0.5316014298E-011,0.5235974172E-012,0.3716281853E-010,0.3511787044E-011,0.1848521218E+010,0.9630597965E-010,0.1202050296E-010,0.3259038603E-013,0.3470039117E-014,0.5110435726E+005,0.1185710353E-011,0.3815618922E-009,0.1147489476E-010,0.1437682538E-012,0.6182302840E-012,0.3984806194E-011,0.1019766126E-012,0.6164763753E+008,0.8063819990E-010,0.2145635456E-010,0.1501342552E-015]
    raercol_cw_nsav: [0.5279063409E+008,0.3940614332E-009,0.1548482461E-010,0.7670844843E-010,0.4034861664E-011,0.3314899384E-012,0.2414133659E-010,0.2282109593E-011,0.3030199281E+008,0.4729138796E-010,0.2111431977E-011,0.5079075290E-014,0.5372005644E-015,0.3364846589E+005,0.8290762038E-012,0.2575307292E-009,0.1022053614E-010,0.1235673443E-012,0.5193662839E-012,0.3151589736E-011,0.8175733293E-013,0.0000000000E+000,0.0000000000E+000,0.0000000000E+000,0.0000000000E+000]
    factnum_col_out: [0.0000000000E+000,0.0000000000E+000,0.0000000000E+000,0.0000000000E+000]
    mam_idx: [         1,         9,        14,        22,         2,        10,        15,        23,         3,        11,        16,        24,         4,        12,        17,        25,         5,        13,        18,         0,         6,         0,        19,         0,         7,         0,        20,         0,         8,         0,        21,         0]
    nspec_amode: [         7,         4,         7,         3]
    numptr_amode: [        23,        28,        36,        40]
    lmassptr_amode: [        16,        17,        18,        19,        20,        21,        22,         0,         0,         0,         0,         0,         0,         0,        24,        25,        26,        27,         0,         0,         0,         0,         0,         0,         0,         0,         0,         0,        29,        30,        31,        32,        33,        34,        35,         0,         0,         0,         0,         0,         0,         0,        37,        38,        39,         0,         0,         0,         0,         0,         0,         0,         0,         0,         0,         0]
