# Data at [lat=   39.0553303768561      , lon=   262.904774388088      , k=          54 , time step=        1402 ] 
mam4xx:
  function: update_from_newcld
input:
  fixed:
    dt:    0.00
    cldn_col_in: [0.2447410473E+000]
    cldo_col_in: [0.2413563998E+000]
    dtinv: [0.1666666667E-002]
    wtke_col_in: [0.2167576163E+000]
    temp_col_in: [0.2538360743E+003]
    cs_col_in: [0.1010514175E+001]
    state_q_col_in: [0.1083661871E-002,0.6269850759E-005,0.1493405892E-006,0.2224049785E+008,0.1980091037E+003,0.1405126315E-008,0.3156946846E-005,0.5456847192E+002,0.8831510818E+002,0.1056226639E-006,0.9775143487E-010,0.4602026477E-012,0.7399982566E-010,0.7144250927E-014,0.9329142822E-011,0.4447206299E-009,0.1885676517E-010,0.1089573548E-009,0.5265733937E-011,0.5334368007E-012,0.4202786748E-010,0.4027480003E-011,0.8842359386E+008,0.1134202365E-009,0.1003366543E-010,0.3582514097E-013,0.3887754461E-014,0.1850939811E+010,0.1404100664E-011,0.4154087088E-009,0.9242774832E-011,0.1246302287E-012,0.5187739174E-012,0.3501139915E-011,0.9455990307E-013,0.5724395102E+005,0.8161824545E-010,0.2244895796E-010,0.1821347545E-015,0.6327528538E+008]
    qcld: [0.2224049785E+008]
    nsource_col_out: [0.0000000000E+000]
    raercol_nsav: [0.8842359386E+008,0.4447206299E-009,0.1885676517E-010,0.1089573548E-009,0.5265733937E-011,0.5334368007E-012,0.4202786748E-010,0.4027480003E-011,0.1850939811E+010,0.1134202365E-009,0.1003366543E-010,0.3582514097E-013,0.3887754461E-014,0.5724395102E+005,0.1404100664E-011,0.4154087088E-009,0.9242774832E-011,0.1246302287E-012,0.5187739174E-012,0.3501139915E-011,0.9455990307E-013,0.6327528538E+008,0.8161824545E-010,0.2244895796E-010,0.1821347545E-015]
    raercol_cw_nsav: [0.1576167296E+008,0.1156820292E-009,0.4757023214E-011,0.2696228288E-010,0.1323001666E-011,0.1302820397E-012,0.1031052036E-010,0.9884021243E-012,0.6177337508E+007,0.5931766075E-011,0.5049282871E-012,0.1759358769E-014,0.1908305080E-015,0.1417618097E+005,0.3497058425E-012,0.1032619123E-009,0.2458068605E-011,0.3276243908E-013,0.1361670944E-012,0.8973822270E-012,0.2423766285E-013,0.0000000000E+000,0.0000000000E+000,0.0000000000E+000,0.0000000000E+000]
    factnum_col_out: [0.0000000000E+000,0.0000000000E+000,0.0000000000E+000,0.0000000000E+000]
    mam_idx: [         1,         9,        14,        22,         2,        10,        15,        23,         3,        11,        16,        24,         4,        12,        17,        25,         5,        13,        18,         0,         6,         0,        19,         0,         7,         0,        20,         0,         8,         0,        21,         0]
    nspec_amode: [         7,         4,         7,         3]
    numptr_amode: [        23,        28,        36,        40]
    lmassptr_amode: [        16,        17,        18,        19,        20,        21,        22,         0,         0,         0,         0,         0,         0,         0,        24,        25,        26,        27,         0,         0,         0,         0,         0,         0,         0,         0,         0,         0,        29,        30,        31,        32,        33,        34,        35,         0,         0,         0,         0,         0,         0,         0,        37,        38,        39,         0,         0,         0,         0,         0,         0,         0,         0,         0,         0,         0]
