# Data at [lat=   39.0553303768561      , lon=   262.904774388088      , k=          54 , time step=        1403 ] 
mam4xx:
  function: update_from_newcld
input:
  fixed:
    dt:    0.00
    cldn_col_in: [0.1952175118E+000]
    cldo_col_in: [0.1948761738E+000]
    dtinv: [0.1666666667E-002]
    wtke_col_in: [0.2340972304E+000]
    temp_col_in: [0.2534312929E+003]
    cs_col_in: [0.1012448362E+001]
    state_q_col_in: [0.1034859585E-002,0.3918624624E-005,0.1494032297E-006,0.1858528657E+008,0.1612627188E+003,0.7357638635E-009,0.3204821185E-005,0.1633657925E+002,0.1331949697E+003,0.1062506554E-006,0.1024692886E-009,0.6117437639E-012,0.7099980958E-010,0.5652726598E-014,0.9327339546E-011,0.4598781265E-009,0.2016115783E-010,0.1201965087E-009,0.5644051570E-011,0.5981747300E-012,0.4597812564E-010,0.4403115329E-011,0.9070164269E+008,0.1116471401E-009,0.1026222310E-010,0.3709913343E-013,0.4011468444E-014,0.1818445657E+010,0.1525422928E-011,0.4526290275E-009,0.9682874414E-011,0.1305935673E-012,0.5480677025E-012,0.3741315695E-011,0.1008609960E-012,0.6270354558E+005,0.8033502245E-010,0.2207078738E-010,0.1806293089E-015,0.6236792468E+008]
    qcld: [0.1858528657E+008]
    nsource_col_out: [0.0000000000E+000]
    raercol_nsav: [0.9070164269E+008,0.4598781265E-009,0.2016115783E-010,0.1201965087E-009,0.5644051570E-011,0.5981747300E-012,0.4597812564E-010,0.4403115329E-011,0.1818445657E+010,0.1116471401E-009,0.1026222310E-010,0.3709913343E-013,0.4011468444E-014,0.6270354558E+005,0.1525422928E-011,0.4526290275E-009,0.9682874414E-011,0.1305935673E-012,0.5480677025E-012,0.3741315695E-011,0.1008609960E-012,0.6236792468E+008,0.8033502245E-010,0.2207078738E-010,0.1806293089E-015]
    raercol_cw_nsav: [0.1293379280E+008,0.9263437001E-010,0.3909438701E-011,0.2276110743E-010,0.1089304945E-011,0.1111712629E-012,0.8645706781E-011,0.8281841857E-012,0.5546105113E+007,0.5040780373E-011,0.4434568570E-012,0.1553685009E-014,0.1679530859E-015,0.1186278167E+005,0.2894286954E-012,0.8611663138E-010,0.1992577640E-011,0.2656465262E-013,0.1113638519E-012,0.7392362542E-012,0.1991219718E-013,0.0000000000E+000,0.0000000000E+000,0.0000000000E+000,0.0000000000E+000]
    factnum_col_out: [0.0000000000E+000,0.0000000000E+000,0.0000000000E+000,0.0000000000E+000]
    mam_idx: [         1,         9,        14,        22,         2,        10,        15,        23,         3,        11,        16,        24,         4,        12,        17,        25,         5,        13,        18,         0,         6,         0,        19,         0,         7,         0,        20,         0,         8,         0,        21,         0]
    nspec_amode: [         7,         4,         7,         3]
    numptr_amode: [        23,        28,        36,        40]
    lmassptr_amode: [        16,        17,        18,        19,        20,        21,        22,         0,         0,         0,         0,         0,         0,         0,        24,        25,        26,        27,         0,         0,         0,         0,         0,         0,         0,         0,         0,         0,        29,        30,        31,        32,        33,        34,        35,         0,         0,         0,         0,         0,         0,         0,        37,        38,        39,         0,         0,         0,         0,         0,         0,         0,         0,         0,         0,         0]
