# Data at [lat=   39.0553303768561      , lon=   262.904774388088      , k=          54 , time step=        1403 ] 
mam4xx:
  function: update_from_cldn_profile
input:
  fixed:
    dt:    0.00
    cldn_col_in: [0.2221484172E+000]
    dtinv: [0.1666666667E-002]
    wtke_col_in: [0.2643378056E+000]
    zs: [0.4339895868E-002]
    dz: [0.2492088518E+003]
    temp_col_in: [0.2534582809E+003]
    csbot_cscen: [0.1012504020E+001]
    raercol_nsav: [0.8234472100E+008,0.4034467401E-009,0.1711909203E-010,0.1030802938E-009,0.4790253202E-011,0.5111770221E-012,0.3974735314E-010,0.3809199915E-011,0.1815833779E+010,0.1099756851E-009,0.9784424827E-011,0.3568728917E-013,0.3855449726E-014,0.5379681063E+005,0.1273104598E-011,0.3898811402E-009,0.8432043721E-011,0.1131506503E-012,0.4774077837E-012,0.3184961313E-011,0.8563768904E-013,0.6259074834E+008,0.8050605109E-010,0.2210486508E-010,0.1795285585E-015]
    raercol_cw_nsav: [0.1322404079E+008,0.1181404746E-009,0.4845895663E-011,0.2750161197E-010,0.1347597864E-011,0.1330081876E-012,0.1051073148E-010,0.1007345640E-011,0.4529831834E+007,0.5913604273E-011,0.4808563155E-012,0.1677924625E-014,0.1820632086E-015,0.1216505025E+005,0.3575199338E-012,0.1055718533E-009,0.2515575052E-011,0.3339493173E-013,0.1386995251E-012,0.9181788911E-012,0.2478047284E-013,0.0000000000E+000,0.0000000000E+000,0.0000000000E+000,0.0000000000E+000]
    nsource_col: [-.4844615629E+004]
    qcld: [0.2153117756E+008]
    factnum_col: [0.0000000000E+000,0.0000000000E+000,0.0000000000E+000,0.0000000000E+000]
    ekd: [0.2481518960E+002]
    nact: [0.0000000000E+000,0.0000000000E+000,0.0000000000E+000,0.0000000000E+000]
    mact: [0.0000000000E+000,0.0000000000E+000,0.0000000000E+000,0.0000000000E+000]
    cs_col_in(kk): [0.1012340558E+001]
    cs_col_in(kp1): [0.1035312219E+001]
    state_q_col_in(kp1): [0.1168203909E-002,0.1202332293E-005,0.9326108022E-007,0.1004735023E+008,0.1162241752E+003,0.6076375284E-007,0.5169500814E-005,0.4535284949E+002,0.2118594123E+003,0.1032083466E-006,0.8966854792E-010,0.1132528795E-011,0.1390282742E-009,0.3279392398E-014,0.1024833728E-010,0.5622019815E-009,0.2283339208E-010,0.1296874555E-009,0.6346334468E-011,0.6026340958E-012,0.4868518473E-010,0.4660027089E-011,0.1037525021E+009,0.1188600164E-009,0.1057442620E-010,0.3569509047E-013,0.3854201201E-014,0.1854715929E+010,0.1602914424E-011,0.4849453425E-009,0.1229573547E-010,0.1650027706E-012,0.6957407282E-012,0.4461555038E-011,0.1193867995E-012,0.6631949271E+005,0.8267595778E-010,0.2256384280E-010,0.1743323051E-015,0.6407438458E+008]
    top_lev: [         7]
    pver: [        72]
    ntot_amode: [         4]
    nspec_amode: [         7,         4,         7,         3]
