# Data at [lat=   39.0553303768561      , lon=   262.904774388088      , k=          54 , time step=        1417 ] 
mam4xx:
  function: update_from_newcld
input:
  fixed:
    dt:    0.00
    cldn_col_in: [0.1428994599E+000]
    cldo_col_in: [0.3581542727E+000]
    dtinv: [0.1666666667E-002]
    wtke_col_in: [0.1614331841E+000]
    temp_col_in: [0.2511513232E+003]
    cs_col_in: [0.1025062636E+001]
    state_q_col_in: [0.8720571657E-003,0.2676895563E-005,0.1173727445E-006,0.4994952860E+008,0.2803360937E+003,0.2835537169E-006,0.2211509473E-005,0.8198664341E+002,0.1364156586E+003,0.1151800180E-006,0.1008767163E-009,0.3001937465E-012,0.3863569449E-010,0.5270240764E-013,0.5253040151E-011,0.4357791517E-009,0.2232091386E-010,0.1240915704E-009,0.5914050441E-011,0.5815893411E-012,0.3794442473E-010,0.3648957510E-011,0.1071729739E+009,0.1037834463E-009,0.1236091586E-010,0.3665847810E-013,0.3957536706E-014,0.2012714291E+010,0.1143655546E-011,0.3696438860E-009,0.1162061072E-010,0.1459653775E-012,0.6162859985E-012,0.4062235604E-011,0.1019437053E-012,0.5165076356E+005,0.7549382103E-010,0.2019218261E-010,0.1546401588E-015,0.5732396263E+008]
    qcld: [0.4994952860E+008]
    nsource_col_out: [0.0000000000E+000]
    raercol_nsav: [0.1071729739E+009,0.4357791517E-009,0.2232091386E-010,0.1240915704E-009,0.5914050441E-011,0.5815893411E-012,0.3794442473E-010,0.3648957510E-011,0.2012714291E+010,0.1037834463E-009,0.1236091586E-010,0.3665847810E-013,0.3957536706E-014,0.5165076356E+005,0.1143655546E-011,0.3696438860E-009,0.1162061072E-010,0.1459653775E-012,0.6162859985E-012,0.4062235604E-011,0.1019437053E-012,0.5732396263E+008,0.7549382103E-010,0.2019218261E-010,0.1546401588E-015]
    raercol_cw_nsav: [0.3136145713E+008,0.2686123103E-009,0.1252099024E-010,0.6607801256E-010,0.3317036008E-011,0.2978580547E-012,0.2059910191E-010,0.1935835010E-011,0.6127452799E+007,0.9182505923E-011,0.7946603446E-012,0.2357211941E-014,0.2540775220E-015,0.2572411576E+005,0.6435163303E-012,0.2156092173E-009,0.7718341325E-011,0.9436688303E-013,0.3927691948E-012,0.2513610033E-011,0.6376721897E-013,0.0000000000E+000,0.0000000000E+000,0.0000000000E+000,0.0000000000E+000]
    factnum_col_out: [0.0000000000E+000,0.0000000000E+000,0.0000000000E+000,0.0000000000E+000]
    mam_idx: [         1,         9,        14,        22,         2,        10,        15,        23,         3,        11,        16,        24,         4,        12,        17,        25,         5,        13,        18,         0,         6,         0,        19,         0,         7,         0,        20,         0,         8,         0,        21,         0]
    nspec_amode: [         7,         4,         7,         3]
    numptr_amode: [        23,        28,        36,        40]
    lmassptr_amode: [        16,        17,        18,        19,        20,        21,        22,         0,         0,         0,         0,         0,         0,         0,        24,        25,        26,        27,         0,         0,         0,         0,         0,         0,         0,         0,         0,         0,        29,        30,        31,        32,        33,        34,        35,         0,         0,         0,         0,         0,         0,         0,        37,        38,        39,         0,         0,         0,         0,         0,         0,         0,         0,         0,         0,         0]
