# Data at [lat=   39.0553303768561      , lon=   262.904774388088      , k=          54 , time step=        1405 ] 
mam4xx:
  function: update_from_cldn_profile
input:
  fixed:
    dt:    0.00
    dtinv: [0.1666666667E-002]
    wtke_col_in: [0.2365756419E+000]
    zs: [0.4350634600E-002]
    dz: [0.2485932239E+003]
    temp_col_in: [0.2527430168E+003]
    csbot_cscen: [0.1012437240E+001]
    raercol_cw_nsav: [0.3503144204E+007,0.3443725417E-010,0.1474152711E-011,0.8876659913E-011,0.4110768376E-012,0.4410717932E-013,0.3342987745E-011,0.3188194092E-012,0.1170900221E+007,0.1836852757E-011,0.1443172536E-012,0.5119379970E-015,0.5525291876E-016,0.3495564545E+004,0.1122331763E-012,0.3355960170E-010,0.7496737272E-012,0.9813729885E-014,0.4111238145E-013,0.2833290461E-012,0.7585104661E-014,0.0000000000E+000,0.0000000000E+000,0.0000000000E+000,0.0000000000E+000]
    nsource_col: [-.2126869965E+005]
    qcld: [0.6560617568E+007]
    factnum_col: [0.0000000000E+000,0.0000000000E+000,0.0000000000E+000,0.0000000000E+000]
    ekd: [0.1158778792E+002]
    nact: [0.0000000000E+000,0.0000000000E+000,0.0000000000E+000,0.0000000000E+000]
    mact: [0.0000000000E+000,0.0000000000E+000,0.0000000000E+000,0.0000000000E+000]
    cs_col_in_kk: [0.1016298637E+001]
    cs_col_in_kp1: [0.1039222683E+001]
    cldn_col_in_kk: [0.5027804276E-001]
    cldn_col_in_kp1: [0.6865313836E-002]
    raercol_nsav_kk: [0.9420156815E+008,0.4729944659E-009,0.2182572282E-010,0.1353818875E-009,0.6099138765E-011,0.6723777795E-012,0.5001957833E-010,0.4776335416E-011,0.1751930484E+010,0.1077632490E-009,0.1303136392E-010,0.3751333748E-013,0.4032539499E-014,0.6575010338E+005,0.1521325283E-011,0.4678804231E-009,0.9871075642E-011,0.1302648416E-012,0.5524977429E-012,0.3863767020E-011,0.1020154620E-012,0.6047282032E+008,0.7770493573E-010,0.2126077188E-010,0.1747124964E-015]
    raercol_nsav_kp1: [0.1083464693E+009,0.5530696526E-009,0.2504486049E-010,0.1475517831E-009,0.6968720300E-011,0.6892121717E-012,0.5303755092E-010,0.5060841078E-011,0.1783310638E+010,0.1116050343E-009,0.1425432782E-010,0.3672326468E-013,0.3950463567E-014,0.7256857662E+005,0.1754135837E-011,0.5368851257E-009,0.1253030334E-010,0.1672490353E-012,0.7152021195E-012,0.4807956146E-011,0.1263548391E-012,0.6139827972E+008,0.7911166854E-010,0.2152300659E-010,0.1690772149E-015]
    state_q_col_in_kp1: [0.1063543225E-002,0.1236294199E-005,0.2398198251E-007,0.3615080053E+007,0.4517088175E+002,0.1000869305E-006,0.6042408163E-005,0.3540073178E+002,0.1851998160E+003,0.1045053509E-006,0.9923757133E-010,0.4288846046E-012,0.1263271603E-009,0.2890654307E-015,0.3540479905E-011,0.5529467433E-009,0.2503946201E-010,0.1475191623E-009,0.6967213480E-011,0.6890498622E-012,0.5302524278E-010,0.5059667302E-011,0.1083317211E+009,0.1115992629E-009,0.1425380169E-010,0.3672148011E-013,0.3950271172E-014,0.1783305765E+010,0.1753723332E-011,0.5367617128E-009,0.1252753094E-010,0.1672130526E-012,0.7150515768E-012,0.4806920317E-011,0.1263271095E-012,0.7255395491E+005,0.7911166854E-010,0.2152300659E-010,0.1690772149E-015,0.6139827972E+008]
    top_lev: [         7]
    pver: [        72]
    ntot_amode: [         4]
    nspec_amode: [         7,         4,         7,         3]
