# Data at [lat=   39.0553303768561      , lon=   262.904774388088      , k=          54 , time step=        1412 ] 
mam4xx:
  function: update_from_newcld
input:
  fixed:
    dt:    0.00
    cldn_col_in: [0.9799314434E+000]
    cldo_col_in: [0.9540708903E+000]
    dtinv: [0.1666666667E-002]
    wtke_col_in: [0.3393839534E+000]
    temp_col_in: [0.2516091114E+003]
    cs_col_in: [0.1021684499E+001]
    state_q_col_in: [0.9333181981E-003,0.7648035879E-004,0.8549381816E-008,0.6294047496E+008,0.2091166391E+001,0.1659280358E-007,0.1148206230E-005,0.4260721037E+003,0.1432222411E+003,0.1104846003E-006,0.9371328792E-010,0.7461902752E-013,0.6538572342E-010,0.9613985218E-013,0.3978075092E-011,0.3879316272E-009,0.1842272309E-010,0.1063268638E-009,0.4922132849E-011,0.4904772860E-012,0.3406319569E-010,0.3185019234E-011,0.1024575052E+009,0.9070977121E-010,0.1115363932E-010,0.3136031661E-013,0.3351206048E-014,0.1903810172E+010,0.1065339835E-011,0.3517444305E-009,0.1065658457E-010,0.1303761463E-012,0.5520941414E-012,0.3674676241E-011,0.9235618551E-013,0.4693105748E+005,0.8136356912E-010,0.2161804823E-010,0.1476106460E-015,0.6191698971E+008]
    qcld: [0.6294047496E+008]
    nsource_col_out: [0.0000000000E+000]
    raercol_nsav: [0.1024575052E+009,0.3879316272E-009,0.1842272309E-010,0.1063268638E-009,0.4922132849E-011,0.4904772860E-012,0.3406319569E-010,0.3185019234E-011,0.1903810172E+010,0.9070977121E-010,0.1115363932E-010,0.3136031661E-013,0.3351206048E-014,0.4693105748E+005,0.1065339835E-011,0.3517444305E-009,0.1065658457E-010,0.1303761463E-012,0.5520941414E-012,0.3674676241E-011,0.9235618551E-013,0.6191698971E+008,0.8136356912E-010,0.2161804823E-010,0.1476106460E-015]
    raercol_cw_nsav: [0.6095509157E+008,0.4885351413E-009,0.1814103288E-010,0.8765214546E-010,0.4696366590E-011,0.3764458656E-012,0.2764743973E-010,0.2601596993E-011,0.3184022349E+008,0.6468249555E-010,0.2154100976E-011,0.5320871959E-014,0.5641781545E-015,0.3850613458E+005,0.9416946256E-012,0.2954711770E-009,0.1222848243E-010,0.1472533936E-012,0.6179039379E-012,0.3707330025E-011,0.9622163821E-013,0.0000000000E+000,0.0000000000E+000,0.0000000000E+000,0.0000000000E+000]
    factnum_col_out: [0.0000000000E+000,0.0000000000E+000,0.0000000000E+000,0.0000000000E+000]
    mam_idx: [         1,         9,        14,        22,         2,        10,        15,        23,         3,        11,        16,        24,         4,        12,        17,        25,         5,        13,        18,         0,         6,         0,        19,         0,         7,         0,        20,         0,         8,         0,        21,         0]
    nspec_amode: [         7,         4,         7,         3]
    numptr_amode: [        23,        28,        36,        40]
    lmassptr_amode: [        16,        17,        18,        19,        20,        21,        22,         0,         0,         0,         0,         0,         0,         0,        24,        25,        26,        27,         0,         0,         0,         0,         0,         0,         0,         0,         0,         0,        29,        30,        31,        32,        33,        34,        35,         0,         0,         0,         0,         0,         0,         0,        37,        38,        39,         0,         0,         0,         0,         0,         0,         0,         0,         0,         0,         0]
