# Data at [lat=   39.0553303768561      , lon=   262.904774388088      , k=          54 , time step=        1404 ] 
mam4xx:
  function: update_from_newcld
input:
  fixed:
    dt:    0.00
    cldn_col_in: [0.1480751095E+000]
    cldo_col_in: [0.1374659150E+000]
    dtinv: [0.1666666667E-002]
    wtke_col_in: [0.2152003824E+000]
    temp_col_in: [0.2530823261E+003]
    cs_col_in: [0.1014336013E+001]
    state_q_col_in: [0.9990679289E-003,0.3174831341E-005,0.5246110250E-008,0.1192408871E+008,0.1572983817E+001,0.9301144451E-009,0.8190166428E-006,0.2996267070E+002,0.3453210241E+002,0.1068043516E-006,0.1063804199E-009,0.7520428365E-012,0.7210016228E-010,0.5473930391E-014,0.9238707279E-011,0.4849614038E-009,0.2160950643E-010,0.1311689272E-009,0.6036031855E-011,0.6549227616E-012,0.4951681984E-010,0.4721640676E-011,0.9541202317E+008,0.1117737216E-009,0.1066337526E-010,0.3815805616E-013,0.4119883380E-014,0.1805831084E+010,0.1644515222E-011,0.4912847494E-009,0.1065559492E-010,0.1403612312E-012,0.5883208969E-012,0.4098939478E-011,0.1096677894E-012,0.6767855612E+005,0.7995245725E-010,0.2189767359E-010,0.1776815369E-015,0.6202706123E+008]
    qcld: [0.1192408871E+008]
    nsource_col_out: [0.0000000000E+000]
    raercol_nsav: [0.9541202317E+008,0.4849614038E-009,0.2160950643E-010,0.1311689272E-009,0.6036031855E-011,0.6549227616E-012,0.4951681984E-010,0.4721640676E-011,0.1805831084E+010,0.1117737216E-009,0.1066337526E-010,0.3815805616E-013,0.4119883380E-014,0.6767855612E+005,0.1644515222E-011,0.4912847494E-009,0.1065559492E-010,0.1403612312E-012,0.5883208969E-012,0.4098939478E-011,0.1096677894E-012,0.6202706123E+008,0.7995245725E-010,0.2189767359E-010,0.1776815369E-015]
    raercol_cw_nsav: [0.9018032663E+007,0.6538259006E-010,0.2853803466E-011,0.1711770334E-010,0.7952768255E-012,0.8484049291E-013,0.6442333037E-011,0.6144083312E-012,0.3204540465E+007,0.3111494336E-011,0.2895836971E-012,0.1020520021E-014,0.1101130049E-015,0.8893814648E+004,0.2159539143E-012,0.6464455277E-010,0.1462178161E-011,0.1912296098E-013,0.8011362462E-013,0.5488643725E-012,0.1469715782E-013,0.0000000000E+000,0.0000000000E+000,0.0000000000E+000,0.0000000000E+000]
    factnum_col_out: [0.0000000000E+000,0.0000000000E+000,0.0000000000E+000,0.0000000000E+000]
    mam_idx: [         1,         9,        14,        22,         2,        10,        15,        23,         3,        11,        16,        24,         4,        12,        17,        25,         5,        13,        18,         0,         6,         0,        19,         0,         7,         0,        20,         0,         8,         0,        21,         0]
    nspec_amode: [         7,         4,         7,         3]
    numptr_amode: [        23,        28,        36,        40]
    lmassptr_amode: [        16,        17,        18,        19,        20,        21,        22,         0,         0,         0,         0,         0,         0,         0,        24,        25,        26,        27,         0,         0,         0,         0,         0,         0,         0,         0,         0,         0,        29,        30,        31,        32,        33,        34,        35,         0,         0,         0,         0,         0,         0,         0,        37,        38,        39,         0,         0,         0,         0,         0,         0,         0,         0,         0,         0,         0]
