# Data at [lat=   39.0553303768561      , lon=   262.904774388088      , k=          54 , time step=        1406 ] 
mam4xx:
  function: update_from_newcld
input:
  fixed:
    dt:    0.00
    cldn_col_in: [0.2266835399E-001]
    cldo_col_in: [0.2228047700E-001]
    dtinv: [0.1666666667E-002]
    wtke_col_in: [0.2327374513E+000]
    temp_col_in: [0.2524400400E+003]
    cs_col_in: [0.1018094291E+001]
    state_q_col_in: [0.9214288429E-003,0.1704252542E-005,0.8135371109E-007,0.3598640077E+007,0.3325293972E+002,0.3802253400E-012,0.5468757456E-005,0.1512839198E-001,0.1656354536E+003,0.1081338786E-006,0.1155407882E-009,0.5315610480E-012,0.5844330512E-010,0.2899799173E-014,0.4990400010E-011,0.5173815770E-009,0.2503465409E-010,0.1535956639E-009,0.6964700017E-011,0.7640393423E-012,0.5619766929E-010,0.5371038476E-011,0.1019840783E+009,0.1071251172E-009,0.1289796226E-010,0.3892093235E-013,0.4183178666E-014,0.1730939094E+010,0.1838850699E-011,0.5466816658E-009,0.1164172035E-010,0.1551946100E-012,0.6640398334E-012,0.4633438125E-011,0.1228229501E-012,0.7622069638E+005,0.7687359708E-010,0.2097602501E-010,0.1724213594E-015,0.5982659143E+008]
    qcld: [0.3598640077E+007]
    nsource_col_out: [0.0000000000E+000]
    raercol_nsav: [0.1019840783E+009,0.5173815770E-009,0.2503465409E-010,0.1535956639E-009,0.6964700017E-011,0.7640393423E-012,0.5619766929E-010,0.5371038476E-011,0.1730939094E+010,0.1071251172E-009,0.1289796226E-010,0.3892093235E-013,0.4183178666E-014,0.7622069638E+005,0.1838850699E-011,0.5466816658E-009,0.1164172035E-010,0.1551946100E-012,0.6640398334E-012,0.4633438125E-011,0.1228229501E-012,0.5982659143E+008,0.7687359708E-010,0.2097602501E-010,0.1724213594E-015]
    raercol_cw_nsav: [0.1583146988E+007,0.1542760036E-010,0.7121234699E-012,0.4298047514E-011,0.1975635883E-012,0.2117017175E-013,0.1567905653E-011,0.1496875036E-012,0.4505704995E+006,0.6600795191E-012,0.7103797317E-013,0.2126977112E-015,0.2289333963E-016,0.1632106562E+004,0.5241073992E-013,0.1559302085E-010,0.3471737958E-012,0.4584336663E-014,0.1946653192E-013,0.1345800653E-012,0.3564801085E-014,0.0000000000E+000,0.0000000000E+000,0.0000000000E+000,0.0000000000E+000]
    factnum_col_out: [0.0000000000E+000,0.0000000000E+000,0.0000000000E+000,0.0000000000E+000]
    mam_idx: [         1,         9,        14,        22,         2,        10,        15,        23,         3,        11,        16,        24,         4,        12,        17,        25,         5,        13,        18,         0,         6,         0,        19,         0,         7,         0,        20,         0,         8,         0,        21,         0]
    nspec_amode: [         7,         4,         7,         3]
    numptr_amode: [        23,        28,        36,        40]
    lmassptr_amode: [        16,        17,        18,        19,        20,        21,        22,         0,         0,         0,         0,         0,         0,         0,        24,        25,        26,        27,         0,         0,         0,         0,         0,         0,         0,         0,         0,         0,        29,        30,        31,        32,        33,        34,        35,         0,         0,         0,         0,         0,         0,         0,        37,        38,        39,         0,         0,         0,         0,         0,         0,         0,         0,         0,         0,         0]
