# Data at [lat=   39.0553303768561      , lon=   262.904774388088      , k=          54 , time step=        1405 ] 
mam4xx:
  function: update_from_newcld
input:
  fixed:
    dt:    0.00
    cldn_col_in: [0.5027804276E-001]
    cldo_col_in: [0.1480751095E+000]
    dtinv: [0.1666666667E-002]
    wtke_col_in: [0.2365756419E+000]
    temp_col_in: [0.2527430168E+003]
    cs_col_in: [0.1016298637E+001]
    state_q_col_in: [0.9550993496E-003,0.2005538462E-005,0.3310075548E-007,0.1932183736E+008,0.6397017968E+002,0.1046338481E-005,0.4211796854E-005,0.3665632540E+002,0.2007085086E+003,0.1075536728E-006,0.1111438123E-009,0.2414530083E-012,0.5857704921E-010,0.2702912002E-014,0.3821685845E-011,0.4060097095E-009,0.1895831186E-010,0.1181156763E-009,0.5299543023E-011,0.5865838122E-012,0.4351705004E-010,0.4156191883E-011,0.8738751556E+008,0.1041903412E-009,0.1275064885E-010,0.3651755420E-013,0.3925065677E-014,0.1749652937E+010,0.1303017751E-011,0.4026028103E-009,0.8412866700E-011,0.1111759125E-012,0.4725290311E-012,0.3312656672E-011,0.8726148695E-013,0.5895079417E+005,0.7770493573E-010,0.2126077188E-010,0.1747124964E-015,0.6047282032E+008]
    qcld: [0.1932183736E+008]
    nsource_col_out: [0.0000000000E+000]
    raercol_nsav: [0.8738751556E+008,0.4060097095E-009,0.1895831186E-010,0.1181156763E-009,0.5299543023E-011,0.5865838122E-012,0.4351705004E-010,0.4156191883E-011,0.1749652937E+010,0.1041903412E-009,0.1275064885E-010,0.3651755420E-013,0.3925065677E-014,0.5895079417E+005,0.1303017751E-011,0.4026028103E-009,0.8412866700E-011,0.1111759125E-012,0.4725290311E-012,0.3312656672E-011,0.8726148695E-013,0.6047282032E+008,0.7770493573E-010,0.2126077188E-010,0.1747124964E-015]
    raercol_cw_nsav: [0.1031719680E+008,0.1014220105E-009,0.4341563676E-011,0.2614287105E-010,0.1210672580E-011,0.1299011467E-012,0.9845516039E-011,0.9389629416E-012,0.3448447254E+007,0.5409760569E-011,0.4250323194E-012,0.1507721280E-014,0.1627267401E-015,0.1029487375E+005,0.3305407085E-012,0.9883721448E-010,0.2207882669E-011,0.2890265904E-013,0.1210810933E-012,0.8344393938E-012,0.2233907968E-013,0.0000000000E+000,0.0000000000E+000,0.0000000000E+000,0.0000000000E+000]
    factnum_col_out: [0.0000000000E+000,0.0000000000E+000,0.0000000000E+000,0.0000000000E+000]
    mam_idx: [         1,         9,        14,        22,         2,        10,        15,        23,         3,        11,        16,        24,         4,        12,        17,        25,         5,        13,        18,         0,         6,         0,        19,         0,         7,         0,        20,         0,         8,         0,        21,         0]
    nspec_amode: [         7,         4,         7,         3]
    numptr_amode: [        23,        28,        36,        40]
    lmassptr_amode: [        16,        17,        18,        19,        20,        21,        22,         0,         0,         0,         0,         0,         0,         0,        24,        25,        26,        27,         0,         0,         0,         0,         0,         0,         0,         0,         0,         0,        29,        30,        31,        32,        33,        34,        35,         0,         0,         0,         0,         0,         0,         0,        37,        38,        39,         0,         0,         0,         0,         0,         0,         0,         0,         0,         0,         0]
