# Data at [lat=   39.0553303768561      , lon=   262.904774388088      , k=          54 , time step=        1408 ] 
mam4xx:
  function: update_from_newcld
input:
  fixed:
    dt:    0.00
    cldn_col_in: [0.9765641548E-002]
    cldo_col_in: [0.2086192813E-001]
    dtinv: [0.1666666667E-002]
    wtke_col_in: [0.2563365782E+000]
    temp_col_in: [0.2519976663E+003]
    cs_col_in: [0.1021027124E+001]
    state_q_col_in: [0.8588237917E-003,0.2504580374E-005,0.9072785867E-008,0.8122354286E+007,0.4631299617E+001,0.1002944248E-005,0.2907788248E-005,0.1460889834E+002,0.1546085739E+003,0.1094115893E-006,0.1210659749E-009,0.4675548138E-012,0.5895504238E-010,0.7441309694E-014,0.2589297981E-011,0.4930494281E-009,0.2445401010E-010,0.1523461865E-009,0.6795722384E-011,0.7508899545E-012,0.5497603814E-010,0.5262993707E-011,0.1011612082E+009,0.1007857590E-009,0.1438082561E-010,0.3964835374E-013,0.4240640045E-014,0.1655706209E+010,0.1794881812E-011,0.5493347761E-009,0.1179101640E-010,0.1561216861E-012,0.6735529608E-012,0.4734832845E-011,0.1232285445E-012,0.7554847689E+005,0.7382391696E-010,0.2010535682E-010,0.1693018110E-015,0.5764266888E+008]
    qcld: [0.8122354286E+007]
    nsource_col_out: [0.0000000000E+000]
    raercol_nsav: [0.1011612082E+009,0.4930494281E-009,0.2445401010E-010,0.1523461865E-009,0.6795722384E-011,0.7508899545E-012,0.5497603814E-010,0.5262993707E-011,0.1655706209E+010,0.1007857590E-009,0.1438082561E-010,0.3964835374E-013,0.4240640045E-014,0.7554847689E+005,0.1794881812E-011,0.5493347761E-009,0.1179101640E-010,0.1561216861E-012,0.6735529608E-012,0.4734832845E-011,0.1232285445E-012,0.5764266888E+008,0.7382391696E-010,0.2010535682E-010,0.1693018110E-015]
    raercol_cw_nsav: [0.1192895530E+007,0.1308403542E-010,0.6515403201E-012,0.4065944854E-011,0.1802458584E-012,0.2049961248E-013,0.1451606689E-011,0.1389200441E-012,0.3041267611E+006,0.4987923787E-012,0.6195933287E-013,0.1916241778E-015,0.2060326444E-016,0.1321834935E+004,0.5008662050E-013,0.1459362954E-010,0.3061297658E-012,0.4072465907E-014,0.1744507834E-013,0.1246481032E-012,0.3259059666E-014,0.0000000000E+000,0.0000000000E+000,0.0000000000E+000,0.0000000000E+000]
    factnum_col_out: [0.0000000000E+000,0.0000000000E+000,0.0000000000E+000,0.0000000000E+000]
    mam_idx: [         1,         9,        14,        22,         2,        10,        15,        23,         3,        11,        16,        24,         4,        12,        17,        25,         5,        13,        18,         0,         6,         0,        19,         0,         7,         0,        20,         0,         8,         0,        21,         0]
    nspec_amode: [         7,         4,         7,         3]
    numptr_amode: [        23,        28,        36,        40]
    lmassptr_amode: [        16,        17,        18,        19,        20,        21,        22,         0,         0,         0,         0,         0,         0,         0,        24,        25,        26,        27,         0,         0,         0,         0,         0,         0,         0,         0,         0,         0,        29,        30,        31,        32,        33,        34,        35,         0,         0,         0,         0,         0,         0,         0,        37,        38,        39,         0,         0,         0,         0,         0,         0,         0,         0,         0,         0,         0]
