# Data at [lat=   39.0553303768561      , lon=   262.904774388088      , k=          54 , time step=        1412 ] 
mam4xx:
  function: update_from_cldn_profile
input:
  fixed:
    dt:    0.00
    cldn_col_in: [0.9540708903E+000]
    dtinv: [0.1666666667E-002]
    wtke_col_in: [0.3600135653E+000]
    zs: [0.4372264142E-002]
    dz: [0.2475353173E+003]
    temp_col_in: [0.2516024778E+003]
    csbot_cscen: [0.1013196023E+001]
    raercol_nsav: [0.1003569360E+009,0.3773327596E-009,0.1771146459E-010,0.1023564041E-009,0.4741014622E-011,0.4691925769E-012,0.3231929532E-010,0.3026971643E-011,0.1880089970E+010,0.8897591263E-010,0.1106329752E-010,0.3090135016E-013,0.3253762960E-014,0.4486593754E+005,0.1009546441E-011,0.3360355355E-009,0.1027351012E-010,0.1251610641E-012,0.5292283289E-012,0.3527908265E-011,0.8830285232E-013,0.6163873286E+008,0.8083046414E-010,0.2147716921E-010,0.1484572240E-015]
    raercol_cw_nsav: [0.6244552658E+008,0.4986480902E-009,0.1855044528E-010,0.9071305738E-010,0.4813188229E-011,0.3933174871E-012,0.2878440417E-010,0.2707345990E-011,0.3303277282E+008,0.6660209781E-010,0.2238536031E-011,0.5617792780E-014,0.5959693636E-015,0.3993104838E+005,0.9769935101E-012,0.3068490669E-009,0.1234191230E-010,0.1488938305E-012,0.6253710329E-012,0.3785394733E-011,0.9815446838E-013,0.0000000000E+000,0.0000000000E+000,0.0000000000E+000,0.0000000000E+000]
    nsource_col: [-.4485838512E+004]
    qcld: [0.6401508747E+008]
    factnum_col: [0.0000000000E+000,0.0000000000E+000,0.0000000000E+000,0.0000000000E+000]
    ekd: [0.2186194472E+002]
    nact: [0.0000000000E+000,0.0000000000E+000,0.0000000000E+000,0.0000000000E+000]
    mact: [0.0000000000E+000,0.0000000000E+000,0.0000000000E+000,0.0000000000E+000]
    cs_col_in(kk): [0.1021711436E+001]
    cs_col_in(kp1): [0.1046317376E+001]
    state_q_col_in(kp1): [0.1053518465E-002,0.8387580175E-004,0.3989109096E-008,0.8032396027E+008,0.3829964164E+000,0.2393095319E-007,0.3655454939E-005,0.6242089496E+003,0.1684421209E+003,0.1061420681E-006,0.6413260750E-010,0.2022628269E-012,0.1622189340E-009,0.1139862141E-012,0.5961657393E-011,0.3786214394E-009,0.1762699826E-010,0.9228976861E-010,0.4528119408E-011,0.4115139670E-012,0.2916532101E-010,0.2785425537E-011,0.1087198170E+009,0.9204504439E-010,0.1056447713E-010,0.2536030650E-013,0.2905363854E-014,0.2152629661E+010,0.9102170711E-012,0.2912672319E-009,0.1147477884E-010,0.1412553447E-012,0.6039842210E-012,0.3574773940E-011,0.9243751342E-013,0.3776750963E+005,0.8975298119E-010,0.2351962626E-010,0.1281988945E-015,0.6731207010E+008]
    top_lev: [         7]
    pver: [        72]
    ntot_amode: [         4]
    nspec_amode: [         7,         4,         7,         3]
