# Data at [lat=   39.0553303768561      , lon=   262.904774388088      , k=          54 , time step=        1412 ] 
mam4xx:
  function: update_from_newcld
input:
  fixed:
    dt:    0.00
    cldn_col_in: [0.9540708903E+000]
    cldo_col_in: [0.9941846333E+000]
    dtinv: [0.1666666667E-002]
    wtke_col_in: [0.3600135653E+000]
    temp_col_in: [0.2516024778E+003]
    cs_col_in: [0.1021711436E+001]
    state_q_col_in: [0.9324359214E-003,0.6692286591E-004,0.2608635762E-007,0.6670659058E+008,0.1751509729E+001,0.7004996459E-007,0.2663525629E-005,0.3829272856E+003,0.1760090332E+003,0.1106439756E-006,0.9511188764E-010,0.5919154330E-013,0.5725203624E-010,0.8871859183E-013,0.3871827702E-011,0.3563671882E-009,0.1693151438E-010,0.9854238956E-010,0.4538644969E-011,0.4526556123E-012,0.3110906010E-010,0.2913141757E-011,0.9773142483E+008,0.8617563912E-010,0.1096917867E-010,0.3066515105E-013,0.3228705533E-014,0.1878701113E+010,0.9684689210E-012,0.3231341204E-009,0.9754596582E-011,0.1189008492E-012,0.5029347137E-012,0.3368752008E-011,0.8417596494E-013,0.4318704362E+005,0.8083046414E-010,0.2147716921E-010,0.1484572240E-015,0.6163873286E+008]
    qcld: [0.6670659058E+008]
    nsource_col_out: [0.0000000000E+000]
    raercol_nsav: [0.9773142483E+008,0.3563671882E-009,0.1693151438E-010,0.9854238956E-010,0.4538644969E-011,0.4526556123E-012,0.3110906010E-010,0.2913141757E-011,0.1878701113E+010,0.8617563912E-010,0.1096917867E-010,0.3066515105E-013,0.3228705533E-014,0.4318704362E+005,0.9684689210E-012,0.3231341204E-009,0.9754596582E-011,0.1189008492E-012,0.5029347137E-012,0.3368752008E-011,0.8417596494E-013,0.6163873286E+008,0.8083046414E-010,0.2147716921E-010,0.1484572240E-015]
    raercol_cw_nsav: [0.6507103778E+008,0.5196136615E-009,0.1933039549E-010,0.9452707195E-010,0.5015557882E-011,0.4098544517E-012,0.2999463939E-010,0.2821175877E-011,0.3442162995E+008,0.6940237131E-010,0.2332654885E-011,0.5853991890E-014,0.6210267908E-015,0.4160994230E+005,0.1018071031E-011,0.3197504820E-009,0.1286082583E-010,0.1551540454E-012,0.6516646481E-012,0.3944550990E-011,0.1022813558E-012,0.0000000000E+000,0.0000000000E+000,0.0000000000E+000,0.0000000000E+000]
    factnum_col_out: [0.0000000000E+000,0.0000000000E+000,0.0000000000E+000,0.0000000000E+000]
    mam_idx: [         1,         9,        14,        22,         2,        10,        15,        23,         3,        11,        16,        24,         4,        12,        17,        25,         5,        13,        18,         0,         6,         0,        19,         0,         7,         0,        20,         0,         8,         0,        21,         0]
    nspec_amode: [         7,         4,         7,         3]
    numptr_amode: [        23,        28,        36,        40]
    lmassptr_amode: [        16,        17,        18,        19,        20,        21,        22,         0,         0,         0,         0,         0,         0,         0,        24,        25,        26,        27,         0,         0,         0,         0,         0,         0,         0,         0,         0,         0,        29,        30,        31,        32,        33,        34,        35,         0,         0,         0,         0,         0,         0,         0,        37,        38,        39,         0,         0,         0,         0,         0,         0,         0,         0,         0,         0,         0]
