# Data at [lat=   39.0553303768561      , lon=   262.904774388088      , k=          54 , time step=        1410 ] 
mam4xx:
  function: update_from_newcld
input:
  fixed:
    dt:    0.00
    cldn_col_in: [0.6387835394E+000]
    cldo_col_in: [0.8775209039E+000]
    dtinv: [0.1666666667E-002]
    wtke_col_in: [0.4063044805E+000]
    temp_col_in: [0.2515033414E+003]
    cs_col_in: [0.1022789508E+001]
    state_q_col_in: [0.9170423863E-003,0.2901932102E-004,0.2769615972E-007,0.5908504276E+008,0.3891534895E+000,0.9869697769E-007,0.5682492148E-006,0.8328821771E+002,0.1801466013E+003,0.1101265128E-006,0.1128575663E-009,0.8223890620E-013,0.7542154792E-010,0.7502034674E-013,0.2132000398E-011,0.3595282424E-009,0.1741961609E-010,0.1038876681E-009,0.4711181329E-011,0.4887106997E-012,0.3497048012E-010,0.3338771851E-011,0.8355287741E+008,0.8865650653E-010,0.1295583201E-010,0.3367461363E-013,0.3577287146E-014,0.1718199912E+010,0.1118895342E-011,0.3464198923E-009,0.9083822907E-011,0.1170558528E-012,0.5063026914E-012,0.3383040246E-011,0.8619479045E-013,0.4801782628E+005,0.7690474324E-010,0.2060978096E-010,0.1573585271E-015,0.5942563599E+008]
    qcld: [0.5908504276E+008]
    nsource_col_out: [0.0000000000E+000]
    raercol_nsav: [0.8355287741E+008,0.3595282424E-009,0.1741961609E-010,0.1038876681E-009,0.4711181329E-011,0.4887106997E-012,0.3497048012E-010,0.3338771851E-011,0.1718199912E+010,0.8865650653E-010,0.1295583201E-010,0.3367461363E-013,0.3577287146E-014,0.4801782628E+005,0.1118895342E-011,0.3464198923E-009,0.9083822907E-011,0.1170558528E-012,0.5063026914E-012,0.3383040246E-011,0.8619479045E-013,0.5942563599E+008,0.7690474324E-010,0.2060978096E-010,0.1573585271E-015]
    raercol_cw_nsav: [0.5038919554E+008,0.3401004939E-009,0.1463488954E-010,0.8022105609E-010,0.3892222485E-011,0.3667049059E-012,0.2614088754E-010,0.2482909559E-011,0.3155429178E+008,0.3472330298E-010,0.2477006426E-011,0.6148348979E-014,0.6518992355E-015,0.3642024265E+005,0.8938934071E-012,0.2737091637E-009,0.8550467364E-011,0.1058129410E-012,0.4481235278E-012,0.2902410074E-011,0.7501636172E-013,0.0000000000E+000,0.0000000000E+000,0.0000000000E+000,0.0000000000E+000]
    factnum_col_out: [0.0000000000E+000,0.0000000000E+000,0.0000000000E+000,0.0000000000E+000]
    mam_idx: [         1,         9,        14,        22,         2,        10,        15,        23,         3,        11,        16,        24,         4,        12,        17,        25,         5,        13,        18,         0,         6,         0,        19,         0,         7,         0,        20,         0,         8,         0,        21,         0]
    nspec_amode: [         7,         4,         7,         3]
    numptr_amode: [        23,        28,        36,        40]
    lmassptr_amode: [        16,        17,        18,        19,        20,        21,        22,         0,         0,         0,         0,         0,         0,         0,        24,        25,        26,        27,         0,         0,         0,         0,         0,         0,         0,         0,         0,         0,        29,        30,        31,        32,        33,        34,        35,         0,         0,         0,         0,         0,         0,         0,        37,        38,        39,         0,         0,         0,         0,         0,         0,         0,         0,         0,         0,         0]
