# Data at [lat=   39.0553303768561      , lon=   262.904774388088      , k=          54 , time step=        1416 ] 
mam4xx:
  function: update_from_newcld
input:
  fixed:
    dt:    0.00
    cldn_col_in: [0.6833767495E+000]
    cldo_col_in: [0.9625858544E+000]
    dtinv: [0.1666666667E-002]
    wtke_col_in: [0.2660863725E+000]
    temp_col_in: [0.2512437090E+003]
    cs_col_in: [0.1024260068E+001]
    state_q_col_in: [0.8975269616E-003,0.1722766809E-004,0.8642413926E-007,0.7782202529E+008,0.9658225331E+002,0.2241616221E-006,0.2168135068E-005,0.1621348827E+003,0.1440107568E+003,0.1138379088E-006,0.9290467252E-010,0.2734822540E-012,0.4185104193E-010,0.6468360921E-013,0.6667405721E-011,0.2974671931E-009,0.1519918337E-010,0.8711285722E-010,0.3967842155E-011,0.4272541976E-012,0.2638698868E-010,0.2495519484E-011,0.8813847987E+008,0.1002700261E-009,0.1061068836E-010,0.3131111003E-013,0.3370213166E-014,0.2084921187E+010,0.9638596887E-012,0.3010192702E-009,0.8847432502E-011,0.1123517540E-012,0.4808070881E-012,0.3226484356E-011,0.8095851547E-013,0.3633633590E+005,0.7896617207E-010,0.2102424981E-010,0.1477271893E-015,0.5976882913E+008]
    qcld: [0.7782202529E+008]
    nsource_col_out: [0.0000000000E+000]
    raercol_nsav: [0.8813847987E+008,0.2974671931E-009,0.1519918337E-010,0.8711285722E-010,0.3967842155E-011,0.4272541976E-012,0.2638698868E-010,0.2495519484E-011,0.2084921187E+010,0.1002700261E-009,0.1061068836E-010,0.3131111003E-013,0.3370213166E-014,0.3633633590E+005,0.9638596887E-012,0.3010192702E-009,0.8847432502E-011,0.1123517540E-012,0.4808070881E-012,0.3226484356E-011,0.8095851547E-013,0.5976882913E+008,0.7896617207E-010,0.2102424981E-010,0.1477271893E-015]
    raercol_cw_nsav: [0.7579429415E+008,0.5555648128E-009,0.2401482031E-010,0.1157717716E-009,0.6251186379E-011,0.4942202902E-012,0.3540118500E-010,0.3317891460E-011,0.2207591500E+008,0.3230060062E-010,0.1942306655E-011,0.4921440564E-014,0.5288658835E-015,0.4993079111E+005,0.1138621672E-011,0.3764149147E-009,0.1618415362E-010,0.1952522391E-012,0.8093778008E-012,0.4913395236E-011,0.1262123374E-012,0.0000000000E+000,0.0000000000E+000,0.0000000000E+000,0.0000000000E+000]
    factnum_col_out: [0.0000000000E+000,0.0000000000E+000,0.0000000000E+000,0.0000000000E+000]
    mam_idx: [         1,         9,        14,        22,         2,        10,        15,        23,         3,        11,        16,        24,         4,        12,        17,        25,         5,        13,        18,         0,         6,         0,        19,         0,         7,         0,        20,         0,         8,         0,        21,         0]
    nspec_amode: [         7,         4,         7,         3]
    numptr_amode: [        23,        28,        36,        40]
    lmassptr_amode: [        16,        17,        18,        19,        20,        21,        22,         0,         0,         0,         0,         0,         0,         0,        24,        25,        26,        27,         0,         0,         0,         0,         0,         0,         0,         0,         0,         0,        29,        30,        31,        32,        33,        34,        35,         0,         0,         0,         0,         0,         0,         0,        37,        38,        39,         0,         0,         0,         0,         0,         0,         0,         0,         0,         0,         0]
