# Data at [lat=   39.0553303768561      , lon=   262.904774388088      , k=          54 , time step=        1414 ] 
mam4xx:
  function: update_from_cldn_profile
input:
  fixed:
    dt:    0.00
    cldn_col_in: [0.9952246508E+000]
    dtinv: [0.1666666667E-002]
    wtke_col_in: [0.2639808362E+000]
    zs: [0.4372981945E-002]
    dz: [0.2474429430E+003]
    temp_col_in: [0.2515071732E+003]
    csbot_cscen: [0.1012965073E+001]
    raercol_nsav: [0.1013368338E+009,0.3407292355E-009,0.1659758921E-010,0.9693000168E-010,0.4291370229E-011,0.4599613843E-012,0.3007317449E-010,0.2785194671E-011,0.2024426158E+010,0.9014731574E-010,0.9953129444E-011,0.2806773933E-013,0.2993235729E-014,0.4197778291E+005,0.1001699880E-011,0.3545342210E-009,0.1054968950E-010,0.1238248964E-012,0.5198517326E-012,0.3660838764E-011,0.9249568703E-013,0.6212431268E+008,0.8198840536E-010,0.2173206367E-010,0.1438507105E-015]
    raercol_cw_nsav: [0.6842152186E+008,0.5656870088E-009,0.2066460915E-010,0.9606721672E-010,0.5323176057E-011,0.4042313332E-012,0.2969028090E-010,0.2774437623E-011,0.2857770843E+008,0.6864108254E-010,0.1998478064E-011,0.4992651120E-014,0.5318320014E-015,0.4158785612E+005,0.9901053524E-012,0.3168880323E-009,0.1428672548E-010,0.1706578945E-012,0.7097997832E-012,0.4237580248E-011,0.1094283671E-012,0.0000000000E+000,0.0000000000E+000,0.0000000000E+000,0.0000000000E+000]
    nsource_col: [-.2026852044E+002]
    qcld: [0.7188380287E+008]
    factnum_col: [0.0000000000E+000,0.0000000000E+000,0.0000000000E+000,0.0000000000E+000]
    ekd: [0.1553073251E+002]
    nact: [0.0000000000E+000,0.0000000000E+000,0.0000000000E+000,0.0000000000E+000]
    mact: [0.0000000000E+000,0.0000000000E+000,0.0000000000E+000,0.0000000000E+000]
    cs_col_in(kk): [0.1022116147E+001]
    cs_col_in(kp1): [0.1046256426E+001]
    state_q_col_in(kp1): [0.1058438327E-002,0.7769084650E-004,0.8097456383E-007,0.8107768795E+008,0.4939782494E+002,0.8532059007E-008,0.6152151069E-005,0.1189758759E+004,0.1795176848E+003,0.1070607209E-006,0.5734610400E-010,0.1442992572E-012,0.1343239786E-009,0.1247614308E-012,0.6911316133E-011,0.3443372938E-009,0.1571441721E-010,0.7969376927E-010,0.4061025141E-011,0.3397273936E-012,0.2337625710E-010,0.2233275802E-011,0.1081282502E+009,0.9756631048E-010,0.9904653104E-011,0.2277657006E-013,0.2501384057E-014,0.2301169204E+010,0.7688810740E-012,0.2551703681E-009,0.1063539267E-010,0.1241762855E-012,0.5144713816E-012,0.3246581056E-011,0.8447273586E-013,0.3175620113E+005,0.9040237100E-010,0.2361898188E-010,0.1258472109E-015,0.6754834904E+008]
    top_lev: [         7]
    pver: [        72]
    ntot_amode: [         4]
    nspec_amode: [         7,         4,         7,         3]
