# Data at [lat=   39.0553303768561      , lon=   262.904774388088      , k=          54 , time step=        1404 ] 
mam4xx:
  function: update_from_cldn_profile
input:
  fixed:
    dt:    0.00
    dtinv: [0.1666666667E-002]
    wtke_col_in: [0.2626360556E+000]
    zs: [0.4345615181E-002]
    dz: [0.2488764102E+003]
    temp_col_in: [0.2530799514E+003]
    csbot_cscen: [0.1012450683E+001]
    raercol_cw_nsav: [0.9595564132E+007,0.8884642060E-010,0.3767117721E-011,0.2202292213E-010,0.1049491715E-011,0.1079967821E-012,0.8346784424E-011,0.7992327481E-012,0.3285695887E+007,0.4416682957E-011,0.3753038759E-012,0.1321328395E-014,0.1428726209E-015,0.9213852969E+004,0.2815014847E-012,0.8351753152E-010,0.1921017978E-011,0.2551632869E-013,0.1068720521E-012,0.7153494001E-012,0.1925728732E-013,0.0000000000E+000,0.0000000000E+000,0.0000000000E+000,0.0000000000E+000]
    nsource_col: [-.9416852075E+004]
    qcld: [0.1819508873E+008]
    factnum_col: [0.0000000000E+000,0.0000000000E+000,0.0000000000E+000,0.0000000000E+000]
    ekd: [0.2279393766E+002]
    nact: [0.0000000000E+000,0.0000000000E+000,0.0000000000E+000,0.0000000000E+000]
    mact: [0.0000000000E+000,0.0000000000E+000,0.0000000000E+000,0.0000000000E+000]
    cs_col_in_kk: [0.1014345531E+001]
    cs_col_in_kp1: [0.1037253451E+001]
    cldn_col_in_kk: [0.1579587440E+000]
    cldn_col_in_kp1: [0.6633123907E-002]
    raercol_nsav_kk: [0.8425539925E+008,0.4085043897E-009,0.1763449583E-010,0.1097300490E-009,0.4960218897E-011,0.5531704479E-012,0.4271901390E-010,0.4048286146E-011,0.1793869360E+010,0.1088833473E-009,0.1008083263E-010,0.3670025920E-013,0.3951426289E-014,0.5752909098E+005,0.1345931951E-011,0.4194815853E-009,0.8650767193E-011,0.1117379769E-012,0.4655680893E-012,0.3306827227E-011,0.8818939486E-013,0.6205242524E+008,0.7977412510E-010,0.2183684133E-010,0.1772378941E-015]
    raercol_nsav_kp1: [0.1021303824E+009,0.5388697456E-009,0.2210228296E-010,0.1329692477E-009,0.6214036585E-011,0.6305918574E-012,0.5010976946E-010,0.4767099090E-011,0.1823111157E+010,0.1158960825E-009,0.1078167252E-010,0.3673064794E-013,0.3957842717E-014,0.6847343845E+005,0.1613025495E-011,0.5009433157E-009,0.1189485368E-010,0.1563793346E-012,0.6600408586E-012,0.4395417215E-011,0.1169323948E-012,0.6299229610E+008,0.8118180833E-010,0.2213405201E-010,0.1728342814E-015]
    state_q_col_in_kp1: [0.1112068929E-002,0.1187819716E-005,0.6569603171E-007,0.9755251866E+007,0.1073391990E+003,0.1021769348E-007,0.5253433912E-005,0.4732221313E+002,0.1998473372E+003,0.1038778604E-006,0.9453307775E-010,0.1349976885E-011,0.1319455965E-009,0.1952666873E-014,0.1037043818E-010,0.5386788444E-009,0.2209424929E-010,0.1329228390E-009,0.6211805507E-011,0.6303622147E-012,0.5009203194E-010,0.4765400546E-011,0.1021084536E+009,0.1158871909E-009,0.1078088070E-010,0.3672782593E-013,0.3957537541E-014,0.1823103585E+010,0.1612430895E-011,0.5007667529E-009,0.1189062161E-010,0.1563237147E-012,0.6598083047E-012,0.4393880977E-011,0.1168910506E-012,0.6845259681E+005,0.8118180833E-010,0.2213405201E-010,0.1728342814E-015,0.6299229610E+008]
    top_lev: [         7]
    pver: [        72]
    ntot_amode: [         4]
    nspec_amode: [         7,         4,         7,         3]
