# Data at [lat=   39.0553303768561      , lon=   262.904774388088      , k=          54 , time step=        1400 ] 
mam4xx:
  function: update_from_newcld
input:
  fixed:
    dt:    0.00
    cldn_col_in: [0.5001783832E+000]
    cldo_col_in: [0.7270397475E+000]
    dtinv: [0.1666666667E-002]
    wtke_col_in: [0.2210597655E+000]
    temp_col_in: [0.2546760247E+003]
    cs_col_in: [0.1007216408E+001]
    state_q_col_in: [0.1192171236E-002,0.1427865566E-004,0.5262019086E-007,0.4480487717E+008,0.1047736150E+003,0.3469094285E-007,0.9280714964E-005,0.1031333272E+003,0.2346864156E+003,0.1045838394E-006,0.8922178911E-010,0.1302257789E-012,0.6937768232E-010,0.1009160640E-013,0.9155126668E-011,0.2797610104E-009,0.1137721515E-010,0.6579196467E-010,0.3205462323E-011,0.3149027399E-012,0.2622159748E-010,0.2481877639E-011,0.6854445134E+008,0.1057073068E-009,0.9207919420E-011,0.3201740037E-013,0.3514797111E-014,0.1885024742E+010,0.8468185566E-012,0.2618974569E-009,0.5126477313E-011,0.6720065463E-013,0.2704286528E-012,0.1997944504E-011,0.5447647513E-013,0.3556397497E+005,0.8265740321E-010,0.2282788612E-010,0.1863010407E-015,0.6410067408E+008]
    qcld: [0.4480487717E+008]
    nsource_col_out: [0.0000000000E+000]
    raercol_nsav: [0.6854445134E+008,0.2797610104E-009,0.1137721515E-010,0.6579196467E-010,0.3205462323E-011,0.3149027399E-012,0.2622159748E-010,0.2481877639E-011,0.1885024742E+010,0.1057073068E-009,0.9207919420E-011,0.3201740037E-013,0.3514797111E-014,0.3556397497E+005,0.8468185566E-012,0.2618974569E-009,0.5126477313E-011,0.6720065463E-013,0.2704286528E-012,0.1997944504E-011,0.5447647513E-013,0.6410067408E+008,0.8265740321E-010,0.2282788612E-010,0.1863010407E-015]
    raercol_cw_nsav: [0.3794107581E+008,0.3077867926E-009,0.1075515246E-010,0.5704276685E-010,0.3007893011E-011,0.2680912880E-012,0.2230516550E-010,0.2132907225E-011,0.1501362913E+008,0.2289190491E-010,0.1184294972E-011,0.4134449818E-014,0.4558035947E-015,0.2974303369E+005,0.7802369531E-012,0.2306928284E-009,0.5741787990E-011,0.7488927848E-013,0.2996199474E-012,0.1980038222E-011,0.5397506034E-013,0.0000000000E+000,0.0000000000E+000,0.0000000000E+000,0.0000000000E+000]
    factnum_col_out: [0.0000000000E+000,0.0000000000E+000,0.0000000000E+000,0.0000000000E+000]
    mam_idx: [         1,         9,        14,        22,         2,        10,        15,        23,         3,        11,        16,        24,         4,        12,        17,        25,         5,        13,        18,         0,         6,         0,        19,         0,         7,         0,        20,         0,         8,         0,        21,         0]
    nspec_amode: [         7,         4,         7,         3]
    numptr_amode: [        23,        28,        36,        40]
    lmassptr_amode: [        16,        17,        18,        19,        20,        21,        22,         0,         0,         0,         0,         0,         0,         0,        24,        25,        26,        27,         0,         0,         0,         0,         0,         0,         0,         0,         0,         0,        29,        30,        31,        32,        33,        34,        35,         0,         0,         0,         0,         0,         0,         0,        37,        38,        39,         0,         0,         0,         0,         0,         0,         0,         0,         0,         0,         0]
