# Data at [lat=   39.0553303768561      , lon=   262.904774388088      , k=          54 , time step=        1403 ] 
mam4xx:
  function: update_from_newcld
input:
  fixed:
    dt:    0.00
    cldn_col_in: [0.2221484172E+000]
    cldo_col_in: [0.2521390768E+000]
    dtinv: [0.1666666667E-002]
    wtke_col_in: [0.2643378056E+000]
    temp_col_in: [0.2534582809E+003]
    cs_col_in: [0.1012340558E+001]
    state_q_col_in: [0.1044824939E-002,0.6085729848E-005,0.1314083428E-006,0.2443794694E+008,0.1767256667E+003,0.1624265715E-006,0.5569224981E-005,0.3937843535E+002,0.2258418536E+003,0.1062048747E-006,0.1024948731E-009,0.6016128414E-012,0.6578100822E-010,0.4090742984E-014,0.9595211178E-011,0.3874974446E-009,0.1646488252E-010,0.9936749902E-010,0.4608323710E-011,0.4932205436E-012,0.3832837490E-010,0.3673205428E-011,0.8055943839E+008,0.1091773320E-009,0.9719507875E-011,0.3546076464E-013,0.3830870682E-014,0.1815222239E+010,0.1224838404E-011,0.3756286438E-009,0.8092434032E-011,0.1086422409E-012,0.4586829587E-012,0.3061004586E-011,0.8229225569E-013,0.5215449472E+005,0.8050605109E-010,0.2210486508E-010,0.1795285585E-015,0.6259074834E+008]
    qcld: [0.2443794694E+008]
    nsource_col_out: [0.0000000000E+000]
    raercol_nsav: [0.8055943839E+008,0.3874974446E-009,0.1646488252E-010,0.9936749902E-010,0.4608323710E-011,0.4932205436E-012,0.3832837490E-010,0.3673205428E-011,0.1815222239E+010,0.1091773320E-009,0.9719507875E-011,0.3546076464E-013,0.3830870682E-014,0.5215449472E+005,0.1224838404E-011,0.3756286438E-009,0.8092434032E-011,0.1086422409E-012,0.4586829587E-012,0.3061004586E-011,0.8229225569E-013,0.6259074834E+008,0.8050605109E-010,0.2210486508E-010,0.1795285585E-015]
    raercol_cw_nsav: [0.1500932339E+008,0.1340897702E-009,0.5500105173E-011,0.3121440674E-010,0.1529527357E-011,0.1509646661E-012,0.1192970971E-010,0.1143340127E-011,0.5141371840E+007,0.6711957440E-011,0.5457732671E-012,0.1904449157E-014,0.2066422526E-015,0.1380736616E+005,0.4057861279E-012,0.1198243497E-009,0.2855184742E-011,0.3790334120E-013,0.1574243501E-012,0.1042135617E-011,0.2812590620E-013,0.0000000000E+000,0.0000000000E+000,0.0000000000E+000,0.0000000000E+000]
    factnum_col_out: [0.0000000000E+000,0.0000000000E+000,0.0000000000E+000,0.0000000000E+000]
    mam_idx: [         1,         9,        14,        22,         2,        10,        15,        23,         3,        11,        16,        24,         4,        12,        17,        25,         5,        13,        18,         0,         6,         0,        19,         0,         7,         0,        20,         0,         8,         0,        21,         0]
    nspec_amode: [         7,         4,         7,         3]
    numptr_amode: [        23,        28,        36,        40]
    lmassptr_amode: [        16,        17,        18,        19,        20,        21,        22,         0,         0,         0,         0,         0,         0,         0,        24,        25,        26,        27,         0,         0,         0,         0,         0,         0,         0,         0,         0,         0,        29,        30,        31,        32,        33,        34,        35,         0,         0,         0,         0,         0,         0,         0,        37,        38,        39,         0,         0,         0,         0,         0,         0,         0,         0,         0,         0,         0]
