# Data at [lat=   39.0553303768561      , lon=   262.904774388088      , k=          54 , time step=        1408 ] 
mam4xx:
  function: update_from_cldn_profile
input:
  fixed:
    dt:    0.00
    dtinv: [0.1666666667E-002]
    wtke_col_in: [0.2563365782E+000]
    zs: [0.4363297143E-002]
    dz: [0.2479970227E+003]
    temp_col_in: [0.2519976663E+003]
    csbot_cscen: [0.1012932258E+001]
    raercol_cw_nsav: [0.5584042894E+006,0.6124745476E-011,0.3049914265E-012,0.1903302501E-011,0.8437458091E-013,0.9596038588E-014,0.6795091280E-012,0.6502962457E-013,0.1423642587E+006,0.2334888485E-012,0.2900367749E-013,0.8970086659E-016,0.9644558926E-017,0.6187618939E+003,0.2344596238E-013,0.6831398997E-011,0.1433018818E-012,0.1906355060E-014,0.8166185829E-014,0.5834881071E-013,0.1525592854E-014,0.0000000000E+000,0.0000000000E+000,0.0000000000E+000,0.0000000000E+000]
    nsource_col: [-.7200354822E+004]
    qcld: [0.3802141392E+007]
    factnum_col: [0.0000000000E+000,0.0000000000E+000,0.0000000000E+000,0.0000000000E+000]
    ekd: [0.1174772842E+002]
    nact: [0.0000000000E+000,0.0000000000E+000,0.0000000000E+000,0.0000000000E+000]
    mact: [0.0000000000E+000,0.0000000000E+000,0.0000000000E+000,0.0000000000E+000]
    cs_col_in_kk: [0.1021027124E+001]
    cs_col_in_kp1: [0.1045073470E+001]
    cldn_col_in_kk: [0.9765641548E-002]
    cldn_col_in_kp1: [0.1073913098E-001]
    raercol_nsav_kk: [0.1017956994E+009,0.5000087181E-009,0.2480055900E-010,0.1545088289E-009,0.6891593661E-011,0.7617935284E-012,0.5574813570E-010,0.5336884127E-011,0.1655867971E+010,0.1010510625E-009,0.1441378127E-010,0.3975027705E-013,0.4251598750E-014,0.7625154993E+005,0.1821522470E-011,0.5570970066E-009,0.1195384428E-010,0.1582877970E-012,0.6828318533E-012,0.4801132138E-011,0.1249620113E-012,0.5764266888E+008,0.7382391696E-010,0.2010535682E-010,0.1693018110E-015]
    raercol_nsav_kp1: [0.1154474105E+009,0.6040560843E-009,0.2895157508E-010,0.1629202138E-009,0.7804930867E-011,0.7522923782E-012,0.5485253515E-010,0.5250319596E-011,0.1772498954E+010,0.1093965785E-009,0.1513197795E-010,0.3670813154E-013,0.3902461252E-014,0.7512226461E+005,0.1867017460E-011,0.5552637239E-009,0.1523796708E-010,0.1992023545E-012,0.8664110706E-012,0.5552658073E-011,0.1454886143E-012,0.6131293295E+008,0.7930344589E-010,0.2126237130E-010,0.1558677505E-015]
    state_q_col_in_kp1: [0.9653906562E-003,0.3109018800E-005,0.1032954018E-008,0.3603904982E+007,0.2285769355E+001,0.5015061538E-007,0.8285659198E-005,0.1299615427E+002,0.1746052427E+003,0.1060336602E-006,0.1074250240E-009,0.5846500042E-012,0.1283615735E-009,0.9249541893E-015,0.2052310399E-011,0.6028488645E-009,0.2889824225E-010,0.1626340670E-009,0.7790710852E-011,0.7509781007E-012,0.5475648711E-010,0.5241150595E-011,0.1152977627E+009,0.1093509488E-009,0.1512712331E-010,0.3669534717E-013,0.3901104222E-014,0.1772458861E+010,0.1863641627E-011,0.5542599549E-009,0.1520547223E-010,0.1987994280E-012,0.8647122919E-012,0.5541937933E-011,0.1452058685E-012,0.7499516103E+005,0.7930344589E-010,0.2126237130E-010,0.1558677505E-015,0.6131293295E+008]
    top_lev: [         7]
    pver: [        72]
    ntot_amode: [         4]
    nspec_amode: [         7,         4,         7,         3]
