# Data at [lat=   39.0553303768561      , lon=   262.904774388088      , k=          54 , time step=        1408 ] 
mam4xx:
  function: update_from_newcld
input:
  fixed:
    dt:    0.00
    cldn_col_in: [0.3084251399E-001]
    cldo_col_in: [0.1685466525E-001]
    dtinv: [0.1666666667E-002]
    wtke_col_in: [0.2878784674E+000]
    temp_col_in: [0.2520043435E+003]
    cs_col_in: [0.1021000070E+001]
    state_q_col_in: [0.8811672515E-003,0.3536023699E-005,0.2498938024E-007,0.1783485677E+007,0.2529520147E+001,0.1022178130E-008,0.6172581940E-006,0.3974269310E+002,0.4662174831E+002,0.1091936750E-006,0.1197244750E-009,0.4622985934E-012,0.6836932151E-010,0.1441130334E-013,0.2560911196E-011,0.5355695855E-009,0.2637925786E-010,0.1594786752E-009,0.7232331043E-011,0.7760279873E-012,0.5583386457E-010,0.5340630901E-011,0.1062948779E+009,0.1037325640E-009,0.1449843791E-010,0.3935774309E-013,0.4204646649E-014,0.1700019318E+010,0.1868698793E-011,0.5624191988E-009,0.1305850270E-010,0.1716110898E-012,0.7400750204E-012,0.5090079641E-011,0.1323582927E-012,0.7637764092E+005,0.7565712139E-010,0.2052007073E-010,0.1658922554E-015,0.5883764085E+008]
    qcld: [0.1783485677E+007]
    nsource_col_out: [0.0000000000E+000]
    raercol_nsav: [0.1062948779E+009,0.5355695855E-009,0.2637925786E-010,0.1594786752E-009,0.7232331043E-011,0.7760279873E-012,0.5583386457E-010,0.5340630901E-011,0.1700019318E+010,0.1037325640E-009,0.1449843791E-010,0.3935774309E-013,0.4204646649E-014,0.7637764092E+005,0.1868698793E-011,0.5624191988E-009,0.1305850270E-010,0.1716110898E-012,0.7400750204E-012,0.5090079641E-011,0.1323582927E-012,0.5883764085E+008,0.7565712139E-010,0.2052007073E-010,0.1658922554E-015]
    raercol_cw_nsav: [0.2307074784E+006,0.1689086137E-011,0.7730055500E-013,0.4360957914E-012,0.2080487206E-013,0.2057302696E-014,0.1483832643E-012,0.1418544772E-013,0.7262480064E+005,0.7475869895E-013,0.8210018429E-014,0.2174616901E-016,0.2313852856E-017,0.2097804918E+003,0.5176792375E-014,0.1530181850E-011,0.4306617081E-013,0.5487003750E-015,0.2341219422E-014,0.1524600876E-013,0.3998607786E-015,0.0000000000E+000,0.0000000000E+000,0.0000000000E+000,0.0000000000E+000]
    factnum_col_out: [0.0000000000E+000,0.0000000000E+000,0.0000000000E+000,0.0000000000E+000]
    mam_idx: [         1,         9,        14,        22,         2,        10,        15,        23,         3,        11,        16,        24,         4,        12,        17,        25,         5,        13,        18,         0,         6,         0,        19,         0,         7,         0,        20,         0,         8,         0,        21,         0]
    nspec_amode: [         7,         4,         7,         3]
    numptr_amode: [        23,        28,        36,        40]
    lmassptr_amode: [        16,        17,        18,        19,        20,        21,        22,         0,         0,         0,         0,         0,         0,         0,        24,        25,        26,        27,         0,         0,         0,         0,         0,         0,         0,         0,         0,         0,        29,        30,        31,        32,        33,        34,        35,         0,         0,         0,         0,         0,         0,         0,        37,        38,        39,         0,         0,         0,         0,         0,         0,         0,         0,         0,         0,         0]
