# Data at [lat=   39.0553303768561      , lon=   262.904774388088      , k=          54 , time step=        1401 ] 
mam4xx:
  function: update_from_cldn_profile
input:
  fixed:
    dt:    0.00
    cldn_col_in: [0.3458360202E+000]
    dtinv: [0.1666666667E-002]
    wtke_col_in: [0.2340340085E+000]
    zs: [0.4326575303E-002]
    dz: [0.2500167959E+003]
    temp_col_in: [0.2542998689E+003]
    csbot_cscen: [0.1012759628E+001]
    raercol_nsav: [0.8307974369E+008,0.3970524770E-009,0.1561717956E-010,0.9003324981E-010,0.4387546867E-011,0.4366520144E-012,0.3553991512E-010,0.3378029466E-011,0.1875241032E+010,0.1153822673E-009,0.9444554147E-011,0.3389579728E-013,0.3697298521E-014,0.4782859850E+005,0.1164635735E-011,0.3571005244E-009,0.7736239015E-011,0.9994436699E-013,0.4042857208E-012,0.2870173675E-011,0.7781256773E-013,0.6408130372E+008,0.8265350834E-010,0.2274740362E-010,0.1829019741E-015]
    raercol_cw_nsav: [0.1863920052E+008,0.1589144168E-009,0.5686085739E-011,0.3088657688E-010,0.1588702847E-011,0.1462091139E-012,0.1199013912E-010,0.1145251130E-011,0.5980036955E+007,0.9819807069E-011,0.5533753352E-012,0.1905650327E-014,0.2087326628E-015,0.1560659897E+005,0.4164015073E-012,0.1234318742E-009,0.3086871597E-011,0.3977676529E-013,0.1601697851E-012,0.1066886361E-011,0.2895114619E-013,0.0000000000E+000,0.0000000000E+000,0.0000000000E+000,0.0000000000E+000]
    nsource_col: [-.2423131266E+005]
    qcld: [0.2517260487E+008]
    factnum_col: [0.0000000000E+000,0.0000000000E+000,0.0000000000E+000,0.0000000000E+000]
    ekd: [0.1285981435E+002]
    nact: [0.0000000000E+000,0.0000000000E+000,0.0000000000E+000,0.0000000000E+000]
    mact: [0.0000000000E+000,0.0000000000E+000,0.0000000000E+000,0.0000000000E+000]
    cs_col_in(kk): [0.1008749936E+001]
    cs_col_in(kp1): [0.1032159141E+001]
    state_q_col_in(kp1): [0.1292658147E-002,0.1581498237E-005,0.6554884071E-007,0.1353397207E+008,0.8459266597E+002,0.7913847771E-007,0.1121829736E-004,0.4821904542E+002,0.2148659635E+003,0.1019777078E-006,0.8064875694E-010,0.7723184276E-012,0.1524330398E-009,0.6929221556E-014,0.1141078069E-010,0.5040663168E-009,0.1925924035E-010,0.1057438259E-009,0.5304242754E-011,0.4891774689E-012,0.3999964303E-010,0.3812369885E-011,0.9703901147E+008,0.1204333345E-009,0.9860709929E-011,0.3355974451E-013,0.3649294483E-014,0.1914686978E+010,0.1382999304E-011,0.4090780247E-009,0.1034580799E-010,0.1308109226E-012,0.5339054505E-012,0.3615967915E-011,0.9702162443E-013,0.5452786661E+005,0.8493954546E-010,0.2322441587E-010,0.1784184683E-015,0.6568235661E+008]
    top_lev: [         7]
    pver: [        72]
    ntot_amode: [         4]
    nspec_amode: [         7,         4,         7,         3]
