# Data at [lat=   39.0553303768561      , lon=   262.904774388088      , k=          54 , time step=        1414 ] 
mam4xx:
  function: update_from_newcld
input:
  fixed:
    dt:    0.00
    cldn_col_in: [0.9957949573E+000]
    cldo_col_in: [0.9952246508E+000]
    dtinv: [0.1666666667E-002]
    wtke_col_in: [0.2522070024E+000]
    temp_col_in: [0.2515038614E+003]
    cs_col_in: [0.1022129606E+001]
    state_q_col_in: [0.9281409415E-003,0.9132785368E-004,0.1084291479E-006,0.7070302967E+008,0.1541113717E+003,0.2476072766E-007,0.2088800483E-005,0.7168898609E+003,0.1476744051E+003,0.1113756070E-006,0.8336394992E-010,0.1046404462E-012,0.5252771693E-010,0.1025187539E-012,0.5574652160E-011,0.3412205467E-009,0.1658941141E-010,0.9691411124E-010,0.4341548712E-011,0.4562807634E-012,0.3057322226E-010,0.2833150797E-011,0.1010862723E+009,0.9115386618E-010,0.1009099050E-010,0.2869366840E-013,0.3072470795E-014,0.2031270566E+010,0.9781774917E-012,0.3483859944E-009,0.1030597315E-010,0.1214174813E-012,0.5091383978E-012,0.3581220899E-011,0.9055382060E-013,0.4244029521E+005,0.8210109326E-010,0.2176535630E-010,0.1442298460E-015,0.6214631822E+008]
    qcld: [0.7070302967E+008]
    nsource_col_out: [0.0000000000E+000]
    raercol_nsav: [0.1010862723E+009,0.3412205467E-009,0.1658941141E-010,0.9691411124E-010,0.4341548712E-011,0.4562807634E-012,0.3057322226E-010,0.2833150797E-011,0.2031270566E+010,0.9115386618E-010,0.1009099050E-010,0.2869366840E-013,0.3072470795E-014,0.4244029521E+005,0.9781774917E-012,0.3483859944E-009,0.1030597315E-010,0.1214174813E-012,0.5091383978E-012,0.3581220899E-011,0.9055382060E-013,0.6214631822E+008,0.8210109326E-010,0.2176535630E-010,0.1442298460E-015]
    raercol_cw_nsav: [0.6854426971E+008,0.5606314016E-009,0.2067046866E-010,0.9583071391E-010,0.5323410446E-011,0.4016387340E-012,0.2952975477E-010,0.2760085076E-011,0.2804301625E+008,0.6567335471E-010,0.1980568650E-011,0.4912456336E-014,0.5234153851E-015,0.4154386963E+005,0.9851887285E-012,0.3155584294E-009,0.1436723407E-010,0.1715613907E-012,0.7131294294E-012,0.4244725182E-011,0.1096371339E-012,0.0000000000E+000,0.0000000000E+000,0.0000000000E+000,0.0000000000E+000]
    factnum_col_out: [0.0000000000E+000,0.0000000000E+000,0.0000000000E+000,0.0000000000E+000]
    mam_idx: [         1,         9,        14,        22,         2,        10,        15,        23,         3,        11,        16,        24,         4,        12,        17,        25,         5,        13,        18,         0,         6,         0,        19,         0,         7,         0,        20,         0,         8,         0,        21,         0]
    nspec_amode: [         7,         4,         7,         3]
    numptr_amode: [        23,        28,        36,        40]
    lmassptr_amode: [        16,        17,        18,        19,        20,        21,        22,         0,         0,         0,         0,         0,         0,         0,        24,        25,        26,        27,         0,         0,         0,         0,         0,         0,         0,         0,         0,         0,        29,        30,        31,        32,        33,        34,        35,         0,         0,         0,         0,         0,         0,         0,        37,        38,        39,         0,         0,         0,         0,         0,         0,         0,         0,         0,         0,         0]
