# Data at [lat=   39.0553303768561      , lon=   262.904774388088      , k=          54 , time step=        1404 ] 
mam4xx:
  function: update_from_newcld
input:
  fixed:
    dt:    0.00
    cldn_col_in: [0.1579587440E+000]
    cldo_col_in: [0.2070095889E+000]
    dtinv: [0.1666666667E-002]
    wtke_col_in: [0.2626360556E+000]
    temp_col_in: [0.2530799514E+003]
    cs_col_in: [0.1014345531E+001]
    state_q_col_in: [0.9998584073E-003,0.4024756731E-005,0.7554200101E-007,0.2384519997E+008,0.1332329547E+003,0.5468491666E-007,0.4103397427E-005,0.3937555788E+002,0.2047739287E+003,0.1068381582E-006,0.1069737162E-009,0.7284956191E-012,0.6347611197E-010,0.3488483406E-014,0.9567005841E-011,0.3809149578E-009,0.1646469477E-010,0.1028912827E-009,0.4634320792E-011,0.5196342645E-012,0.4012709137E-010,0.3800100825E-011,0.8127569382E+008,0.1075118371E-009,0.9964289721E-011,0.3628994780E-013,0.3907060129E-014,0.1792849055E+010,0.1258517444E-011,0.3935469305E-009,0.8054234500E-011,0.1038144049E-012,0.4323811677E-012,0.3084690158E-011,0.8220943965E-013,0.5466791811E+005,0.7977412510E-010,0.2183684133E-010,0.1772378941E-015,0.6205242524E+008]
    qcld: [0.2384519997E+008]
    nsource_col_out: [0.0000000000E+000]
    raercol_nsav: [0.8127569382E+008,0.3809149578E-009,0.1646469477E-010,0.1028912827E-009,0.4634320792E-011,0.5196342645E-012,0.4012709137E-010,0.3800100825E-011,0.1792849055E+010,0.1075118371E-009,0.9964289721E-011,0.3628994780E-013,0.3907060129E-014,0.5466791811E+005,0.1258517444E-011,0.3935469305E-009,0.8054234500E-011,0.1038144049E-012,0.4323811677E-012,0.3084690158E-011,0.8220943965E-013,0.6205242524E+008,0.7977412510E-010,0.2183684133E-010,0.1772378941E-015]
    raercol_cw_nsav: [0.1257526957E+008,0.1164358524E-009,0.4936918788E-011,0.2886168845E-010,0.1375389820E-011,0.1415329655E-012,0.1093870696E-010,0.1047418069E-011,0.4306001286E+007,0.5788193171E-011,0.4918467893E-012,0.1731639800E-014,0.1872387800E-015,0.1207502584E+005,0.3689159913E-012,0.1094521863E-009,0.2517550671E-011,0.3343990069E-013,0.1400589737E-012,0.9374864695E-012,0.2523724253E-013,0.0000000000E+000,0.0000000000E+000,0.0000000000E+000,0.0000000000E+000]
    factnum_col_out: [0.0000000000E+000,0.0000000000E+000,0.0000000000E+000,0.0000000000E+000]
    mam_idx: [         1,         9,        14,        22,         2,        10,        15,        23,         3,        11,        16,        24,         4,        12,        17,        25,         5,        13,        18,         0,         6,         0,        19,         0,         7,         0,        20,         0,         8,         0,        21,         0]
    nspec_amode: [         7,         4,         7,         3]
    numptr_amode: [        23,        28,        36,        40]
    lmassptr_amode: [        16,        17,        18,        19,        20,        21,        22,         0,         0,         0,         0,         0,         0,         0,        24,        25,        26,        27,         0,         0,         0,         0,         0,         0,         0,         0,         0,         0,        29,        30,        31,        32,        33,        34,        35,         0,         0,         0,         0,         0,         0,         0,        37,        38,        39,         0,         0,         0,         0,         0,         0,         0,         0,         0,         0,         0]
