# Data at [lat=   39.0553303768561      , lon=   262.904774388088      , k=          54 , time step=        1414 ] 
mam4xx:
  function: update_from_newcld
input:
  fixed:
    dt:    0.00
    cldn_col_in: [0.9952246508E+000]
    cldo_col_in: [0.9953930203E+000]
    dtinv: [0.1666666667E-002]
    wtke_col_in: [0.2639808362E+000]
    temp_col_in: [0.2515071732E+003]
    cs_col_in: [0.1022116147E+001]
    state_q_col_in: [0.9305474161E-003,0.9400344481E-004,0.1442368575E-006,0.7189596398E+008,0.1514064664E+003,0.9049194108E-007,0.5673825507E-005,0.8430594513E+003,0.1944880464E+003,0.1114194877E-006,0.8369370679E-010,0.9806548593E-013,0.4862691344E-010,0.9981543046E-013,0.5582725240E-011,0.3406335340E-009,0.1659409322E-010,0.9691374928E-010,0.4290469668E-011,0.4598929975E-012,0.3006815156E-010,0.2784725299E-011,0.1013252585E+009,0.9013570322E-010,0.9952791347E-011,0.2806689469E-013,0.2993145755E-014,0.2024421323E+010,0.1001532377E-011,0.3544806107E-009,0.1054727251E-010,0.1237960249E-012,0.5197316505E-012,0.3660121861E-011,0.9247717423E-013,0.4197074718E+005,0.8198840536E-010,0.2173206367E-010,0.1438507105E-015,0.6212431268E+008]
    qcld: [0.7189596398E+008]
    nsource_col_out: [0.0000000000E+000]
    raercol_nsav: [0.1013252585E+009,0.3406335340E-009,0.1659409322E-010,0.9691374928E-010,0.4290469668E-011,0.4598929975E-012,0.3006815156E-010,0.2784725299E-011,0.2024421323E+010,0.9013570322E-010,0.9952791347E-011,0.2806689469E-013,0.2993145755E-014,0.4197074718E+005,0.1001532377E-011,0.3544806107E-009,0.1054727251E-010,0.1237960249E-012,0.5197316505E-012,0.3660121861E-011,0.9247717423E-013,0.6212431268E+008,0.8198840536E-010,0.2173206367E-010,0.1438507105E-015]
    raercol_cw_nsav: [0.6843309723E+008,0.5657827102E-009,0.2066810514E-010,0.9608346912E-010,0.5324076618E-011,0.4042997200E-012,0.2969530382E-010,0.2774906995E-011,0.2858254313E+008,0.6865269506E-010,0.1998816161E-011,0.4993495764E-014,0.5319219754E-015,0.4159489184E+005,0.9902728559E-012,0.3169416425E-009,0.1428914247E-010,0.1706867659E-012,0.7099198653E-012,0.4238297150E-011,0.1094468799E-012,0.0000000000E+000,0.0000000000E+000,0.0000000000E+000,0.0000000000E+000]
    factnum_col_out: [0.0000000000E+000,0.0000000000E+000,0.0000000000E+000,0.0000000000E+000]
    mam_idx: [         1,         9,        14,        22,         2,        10,        15,        23,         3,        11,        16,        24,         4,        12,        17,        25,         5,        13,        18,         0,         6,         0,        19,         0,         7,         0,        20,         0,         8,         0,        21,         0]
    nspec_amode: [         7,         4,         7,         3]
    numptr_amode: [        23,        28,        36,        40]
    lmassptr_amode: [        16,        17,        18,        19,        20,        21,        22,         0,         0,         0,         0,         0,         0,         0,        24,        25,        26,        27,         0,         0,         0,         0,         0,         0,         0,         0,         0,         0,        29,        30,        31,        32,        33,        34,        35,         0,         0,         0,         0,         0,         0,         0,        37,        38,        39,         0,         0,         0,         0,         0,         0,         0,         0,         0,         0,         0]
