# Data at [lat=   39.0553303768561      , lon=   262.904774388088      , k=          54 , time step=        1400 ] 
mam4xx:
  function: update_from_newcld
input:
  fixed:
    dt:    0.00
    cldn_col_in: [0.5057080975E+000]
    cldo_col_in: [0.4831937060E+000]
    dtinv: [0.1666666667E-002]
    wtke_col_in: [0.2065535991E+000]
    temp_col_in: [0.2546713763E+003]
    cs_col_in: [0.1007234792E+001]
    state_q_col_in: [0.1191556480E-002,0.1382049542E-004,0.1188270466E-006,0.3630014246E+008,0.1376758343E+003,0.2917843023E-008,0.3945007958E-005,0.1152879204E+003,0.9136060763E+002,0.1044772335E-006,0.8892953410E-010,0.1721017550E-012,0.7759648519E-010,0.1129678168E-013,0.9238295130E-011,0.3739649309E-009,0.1472739990E-010,0.8291621546E-010,0.4141892610E-011,0.4019800202E-012,0.3272940926E-010,0.3126081617E-011,0.8023811734E+008,0.1174075928E-009,0.9435232940E-011,0.3332247965E-013,0.3639686327E-014,0.1912741949E+010,0.1093828549E-011,0.3270052485E-009,0.7259562237E-011,0.9575720501E-013,0.3867006034E-012,0.2670223018E-011,0.7258840707E-013,0.4431866183E+005,0.8365643101E-010,0.2308233133E-010,0.1855168371E-015,0.6474863547E+008]
    qcld: [0.3630014246E+008]
    nsource_col_out: [0.0000000000E+000]
    raercol_nsav: [0.8023811734E+008,0.3739649309E-009,0.1472739990E-010,0.8291621546E-010,0.4141892610E-011,0.4019800202E-012,0.3272940926E-010,0.3126081617E-011,0.1912741949E+010,0.1174075928E-009,0.9435232940E-011,0.3332247965E-013,0.3639686327E-014,0.4431866183E+005,0.1093828549E-011,0.3270052485E-009,0.7259562237E-011,0.9575720501E-013,0.3867006034E-012,0.2670223018E-011,0.7258840707E-013,0.6474863547E+008,0.8365643101E-010,0.2308233133E-010,0.1855168371E-015]
    raercol_cw_nsav: [0.2868867887E+008,0.2239664877E-009,0.8282736295E-011,0.4499047661E-010,0.2315623067E-011,0.2125745741E-012,0.1747952886E-010,0.1668928344E-011,0.9396778146E+007,0.1183644282E-010,0.8058245596E-012,0.2778654492E-014,0.3046797943E-015,0.2410172956E+005,0.6086543957E-012,0.1804811213E-009,0.4445051109E-011,0.5766877074E-013,0.2322271544E-012,0.1550445169E-011,0.4210298840E-013,0.0000000000E+000,0.0000000000E+000,0.0000000000E+000,0.0000000000E+000]
    factnum_col_out: [0.0000000000E+000,0.0000000000E+000,0.0000000000E+000,0.0000000000E+000]
    mam_idx: [         1,         9,        14,        22,         2,        10,        15,        23,         3,        11,        16,        24,         4,        12,        17,        25,         5,        13,        18,         0,         6,         0,        19,         0,         7,         0,        20,         0,         8,         0,        21,         0]
    nspec_amode: [         7,         4,         7,         3]
    numptr_amode: [        23,        28,        36,        40]
    lmassptr_amode: [        16,        17,        18,        19,        20,        21,        22,         0,         0,         0,         0,         0,         0,         0,        24,        25,        26,        27,         0,         0,         0,         0,         0,         0,         0,         0,         0,         0,        29,        30,        31,        32,        33,        34,        35,         0,         0,         0,         0,         0,         0,         0,        37,        38,        39,         0,         0,         0,         0,         0,         0,         0,         0,         0,         0,         0]
