# Data at [lat=   39.0553303768561      , lon=   262.904774388088      , k=          54 , time step=        1404 ] 
mam4xx:
  function: update_from_newcld
input:
  fixed:
    dt:    0.00
    cldn_col_in: [0.1292182980E+000]
    cldo_col_in: [0.1276828712E+000]
    dtinv: [0.1666666667E-002]
    wtke_col_in: [0.2365264765E+000]
    temp_col_in: [0.2530686245E+003]
    cs_col_in: [0.1014390931E+001]
    state_q_col_in: [0.9935228511E-003,0.2701001850E-005,0.5153235463E-008,0.1182342255E+008,0.2430155326E+001,0.9266646622E-009,0.2527990097E-005,0.2939868744E+002,0.1096735451E+003,0.1068650019E-006,0.1067798124E-009,0.7391078138E-012,0.6863605174E-010,0.4948022911E-014,0.9309853398E-011,0.4815593216E-009,0.2163710277E-010,0.1325178911E-009,0.6058834330E-011,0.6668083090E-012,0.5028007248E-010,0.4795642913E-011,0.9478290960E+008,0.1110328112E-009,0.1057251275E-010,0.3824114075E-013,0.4128611147E-014,0.1794538644E+010,0.1663323467E-011,0.4968126667E-009,0.1042290534E-010,0.1382135783E-012,0.5798219038E-012,0.4069733977E-011,0.1090444051E-012,0.6870022707E+005,0.7944845435E-010,0.2177542079E-010,0.1784301879E-015,0.6171677451E+008]
    qcld: [0.1182342255E+008]
    nsource_col_out: [0.0000000000E+000]
    raercol_nsav: [0.9478290960E+008,0.4815593216E-009,0.2163710277E-010,0.1325178911E-009,0.6058834330E-011,0.6668083090E-012,0.5028007248E-010,0.4795642913E-011,0.1794538644E+010,0.1110328112E-009,0.1057251275E-010,0.3824114075E-013,0.4128611147E-014,0.6870022707E+005,0.1663323467E-011,0.4968126667E-009,0.1042290534E-010,0.1382135783E-012,0.5798219038E-012,0.4069733977E-011,0.1090444051E-012,0.6171677451E+008,0.7944845435E-010,0.2177542079E-010,0.1784301879E-015]
    raercol_cw_nsav: [0.8579889954E+007,0.6079973040E-010,0.2631055369E-011,0.1581380874E-010,0.7345655971E-012,0.7831105369E-013,0.5979198067E-011,0.5702334437E-012,0.3568822319E+007,0.3248664879E-011,0.2966181388E-012,0.1046574839E-014,0.1129030051E-015,0.8208849347E+004,0.1988831360E-012,0.5977241277E-010,0.1339333177E-011,0.1758315977E-013,0.7372464360E-013,0.5041129025E-012,0.1350651312E-013,0.0000000000E+000,0.0000000000E+000,0.0000000000E+000,0.0000000000E+000]
    factnum_col_out: [0.0000000000E+000,0.0000000000E+000,0.0000000000E+000,0.0000000000E+000]
    mam_idx: [         1,         9,        14,        22,         2,        10,        15,        23,         3,        11,        16,        24,         4,        12,        17,        25,         5,        13,        18,         0,         6,         0,        19,         0,         7,         0,        20,         0,         8,         0,        21,         0]
    nspec_amode: [         7,         4,         7,         3]
    numptr_amode: [        23,        28,        36,        40]
    lmassptr_amode: [        16,        17,        18,        19,        20,        21,        22,         0,         0,         0,         0,         0,         0,         0,        24,        25,        26,        27,         0,         0,         0,         0,         0,         0,         0,         0,         0,         0,        29,        30,        31,        32,        33,        34,        35,         0,         0,         0,         0,         0,         0,         0,        37,        38,        39,         0,         0,         0,         0,         0,         0,         0,         0,         0,         0,         0]
