# Data at [lat=   39.0553303768561      , lon=   262.904774388088      , k=          54 , time step=        1413 ] 
mam4xx:
  function: update_from_cldn_profile
input:
  fixed:
    dt:    0.00
    cldn_col_in: [0.9783240361E+000]
    dtinv: [0.1666666667E-002]
    wtke_col_in: [0.3450696613E+000]
    zs: [0.4373040817E-002]
    dz: [0.2474433789E+003]
    temp_col_in: [0.2515121714E+003]
    csbot_cscen: [0.1012980336E+001]
    raercol_nsav: [0.1014109832E+009,0.3621208289E-009,0.1741337947E-010,0.1017278831E-009,0.4570671093E-011,0.4798567539E-012,0.3170449103E-010,0.2953838902E-011,0.1955616658E+010,0.8940553124E-010,0.1072620079E-010,0.3008307346E-013,0.3172288719E-014,0.4437496443E+005,0.1047616584E-011,0.3602335961E-009,0.1089655895E-010,0.1305709170E-012,0.5529829550E-012,0.3762216681E-011,0.9518468347E-013,0.6179512768E+008,0.8134597114E-010,0.2158986092E-010,0.1455970265E-015]
    raercol_cw_nsav: [0.6535744252E+008,0.5333217189E-009,0.1958952110E-010,0.9333334984E-010,0.5059040858E-011,0.3991353827E-012,0.2926372992E-010,0.2741809515E-011,0.3087322040E+008,0.6911668032E-010,0.2114100722E-011,0.5300528657E-014,0.5639021004E-015,0.4072293133E+005,0.9889569598E-012,0.3123432042E-009,0.1328356922E-010,0.1592776747E-012,0.6654858220E-012,0.4002059437E-011,0.1034920150E-012,0.0000000000E+000,0.0000000000E+000,0.0000000000E+000,0.0000000000E+000]
    nsource_col: [-.1808308093E+004]
    qcld: [0.6518762894E+008]
    factnum_col: [0.0000000000E+000,0.0000000000E+000,0.0000000000E+000,0.0000000000E+000]
    ekd: [0.2602797166E+002]
    nact: [0.0000000000E+000,0.0000000000E+000,0.0000000000E+000,0.0000000000E+000]
    mact: [0.0000000000E+000,0.0000000000E+000,0.0000000000E+000,0.0000000000E+000]
    cs_col_in(kk): [0.1022039241E+001]
    cs_col_in(kp1): [0.1046209160E+001]
    state_q_col_in(kp1): [0.1059082976E-002,0.1069309716E-003,0.3679691498E-008,0.8088761482E+008,0.6839655813E+000,0.4269662909E-007,0.5526108449E-005,0.1029137231E+004,0.1681961152E+003,0.1064581169E-006,0.5728400767E-010,0.1879991698E-012,0.1414017101E-009,0.1331939962E-012,0.6732608523E-011,0.3537303344E-009,0.1563717025E-010,0.7799219171E-010,0.4010723134E-011,0.3195200473E-012,0.2440422940E-010,0.2353296197E-011,0.1104142884E+009,0.9292996994E-010,0.9789625159E-011,0.2299154049E-013,0.2627401842E-014,0.2254613736E+010,0.7274621858E-012,0.2625535311E-009,0.1124706005E-010,0.1331112174E-012,0.5569552093E-012,0.3378401329E-011,0.8682697905E-013,0.3193564639E+005,0.9083787335E-010,0.2375102028E-010,0.1254821018E-015,0.6788934445E+008]
    top_lev: [         7]
    pver: [        72]
    ntot_amode: [         4]
    nspec_amode: [         7,         4,         7,         3]
