# Data at [lat=   39.0553303768561      , lon=   262.904774388088      , k=          54 , time step=        1401 ] 
mam4xx:
  function: update_from_newcld
input:
  fixed:
    dt:    0.00
    cldn_col_in: [0.2985578080E+000]
    cldo_col_in: [0.2801616759E+000]
    dtinv: [0.1666666667E-002]
    wtke_col_in: [0.2035884056E+000]
    temp_col_in: [0.2542867631E+003]
    cs_col_in: [0.1008801927E+001]
    state_q_col_in: [0.1139137763E-002,0.8551209974E-005,0.1650668095E-006,0.2523598762E+008,0.1986831253E+003,0.1739405118E-008,0.2840625199E-005,0.6899923537E+002,0.5736416479E+002,0.1050070718E-006,0.9240424215E-010,0.2368258106E-012,0.7491125577E-010,0.8672617622E-014,0.9455580190E-011,0.4377844018E-009,0.1758801764E-010,0.1002201858E-009,0.4924649780E-011,0.4883771562E-012,0.3926727248E-010,0.3749813691E-011,0.8859800943E+008,0.1180697797E-009,0.9717583725E-011,0.3488879505E-013,0.3796538514E-014,0.1890706756E+010,0.1312829096E-011,0.3928382422E-009,0.8830085643E-011,0.1139949838E-012,0.4627942903E-012,0.3236110834E-011,0.8762431857E-013,0.5329434994E+005,0.8307920505E-010,0.2287386854E-010,0.1832365993E-015,0.6430326046E+008]
    qcld: [0.2523598762E+008]
    nsource_col_out: [0.0000000000E+000]
    raercol_nsav: [0.8859800943E+008,0.4377844018E-009,0.1758801764E-010,0.1002201858E-009,0.4924649780E-011,0.4883771562E-012,0.3926727248E-010,0.3749813691E-011,0.1890706756E+010,0.1180697797E-009,0.9717583725E-011,0.3488879505E-013,0.3796538514E-014,0.5329434994E+005,0.1312829096E-011,0.3928382422E-009,0.8830085643E-011,0.1139949838E-012,0.4627942903E-012,0.3236110834E-011,0.8762431857E-013,0.6430326046E+008,0.8307920505E-010,0.2287386854E-010,0.1832365993E-015]
    raercol_cw_nsav: [0.1742267408E+008,0.1338497098E-009,0.5201223225E-011,0.2907195396E-010,0.1450497170E-011,0.1397679607E-012,0.1128081344E-010,0.1077142726E-011,0.5476777561E+007,0.6273196635E-011,0.4850525637E-012,0.1705627614E-014,0.1857326143E-015,0.1551769364E+005,0.3862166600E-012,0.1151647446E-009,0.2766242112E-011,0.3530365494E-013,0.1430756176E-012,0.9782233263E-012,0.2645725360E-013,0.0000000000E+000,0.0000000000E+000,0.0000000000E+000,0.0000000000E+000]
    factnum_col_out: [0.0000000000E+000,0.0000000000E+000,0.0000000000E+000,0.0000000000E+000]
    mam_idx: [         1,         9,        14,        22,         2,        10,        15,        23,         3,        11,        16,        24,         4,        12,        17,        25,         5,        13,        18,         0,         6,         0,        19,         0,         7,         0,        20,         0,         8,         0,        21,         0]
    nspec_amode: [         7,         4,         7,         3]
    numptr_amode: [        23,        28,        36,        40]
    lmassptr_amode: [        16,        17,        18,        19,        20,        21,        22,         0,         0,         0,         0,         0,         0,         0,        24,        25,        26,        27,         0,         0,         0,         0,         0,         0,         0,         0,         0,         0,        29,        30,        31,        32,        33,        34,        35,         0,         0,         0,         0,         0,         0,         0,        37,        38,        39,         0,         0,         0,         0,         0,         0,         0,         0,         0,         0,         0]
