# Data at [lat=   39.0553303768561      , lon=   262.904774388088      , k=          54 , time step=        1410 ] 
mam4xx:
  function: update_from_newcld
input:
  fixed:
    dt:    0.00
    cldn_col_in: [0.8013471903E+000]
    cldo_col_in: [0.6387835394E+000]
    dtinv: [0.1666666667E-002]
    wtke_col_in: [0.3945409021E+000]
    temp_col_in: [0.2515421904E+003]
    cs_col_in: [0.1022631545E+001]
    state_q_col_in: [0.9277265329E-003,0.4056625472E-004,0.1389189748E-007,0.4260807262E+008,0.4164341458E+000,0.1070303355E-008,0.8023255234E-006,0.4169768124E+002,0.1704333386E+003,0.1099483450E-006,0.1112848128E-009,0.9039647436E-013,0.8240873461E-010,0.8279426928E-013,0.2267531954E-011,0.4933408130E-009,0.2269503792E-010,0.1270387637E-009,0.6050200495E-011,0.5804988654E-012,0.4170424065E-010,0.3959618523E-011,0.1043204044E+009,0.1048252185E-009,0.1340053385E-010,0.3385613211E-013,0.3605301186E-014,0.1831356189E+010,0.1384358838E-011,0.4300296919E-009,0.1320930645E-010,0.1659507680E-012,0.7128933600E-012,0.4550327699E-011,0.1168869300E-012,0.5746586019E+005,0.8088488579E-010,0.2154418124E-010,0.1502247844E-015,0.6201315618E+008]
    qcld: [0.4260807262E+008]
    nsource_col_out: [0.0000000000E+000]
    raercol_nsav: [0.1043204044E+009,0.4933408130E-009,0.2269503792E-010,0.1270387637E-009,0.6050200495E-011,0.5804988654E-012,0.4170424065E-010,0.3959618523E-011,0.1831356189E+010,0.1048252185E-009,0.1340053385E-010,0.3385613211E-013,0.3605301186E-014,0.5746586019E+005,0.1384358838E-011,0.4300296919E-009,0.1320930645E-010,0.1659507680E-012,0.7128933600E-012,0.4550327699E-011,0.1168869300E-012,0.6201315618E+008,0.8088488579E-010,0.2154418124E-010,0.1502247844E-015]
    raercol_cw_nsav: [0.3678293277E+008,0.2623742769E-009,0.1077067018E-010,0.5505006706E-010,0.2821906538E-011,0.2413034280E-012,0.1743280599E-010,0.1655778279E-011,0.2196882464E+008,0.2735419418E-010,0.1654269637E-011,0.3919975079E-014,0.4139774535E-015,0.2428660937E+005,0.6045318917E-012,0.1855905155E-009,0.6901869684E-011,0.8385980693E-013,0.3530059298E-012,0.2176644438E-011,0.5656107461E-013,0.0000000000E+000,0.0000000000E+000,0.0000000000E+000,0.0000000000E+000]
    factnum_col_out: [0.0000000000E+000,0.0000000000E+000,0.0000000000E+000,0.0000000000E+000]
    mam_idx: [         1,         9,        14,        22,         2,        10,        15,        23,         3,        11,        16,        24,         4,        12,        17,        25,         5,        13,        18,         0,         6,         0,        19,         0,         7,         0,        20,         0,         8,         0,        21,         0]
    nspec_amode: [         7,         4,         7,         3]
    numptr_amode: [        23,        28,        36,        40]
    lmassptr_amode: [        16,        17,        18,        19,        20,        21,        22,         0,         0,         0,         0,         0,         0,         0,        24,        25,        26,        27,         0,         0,         0,         0,         0,         0,         0,         0,         0,         0,        29,        30,        31,        32,        33,        34,        35,         0,         0,         0,         0,         0,         0,         0,        37,        38,        39,         0,         0,         0,         0,         0,         0,         0,         0,         0,         0,         0]
