# Data at [lat=   39.0553303768561      , lon=   262.904774388088      , k=          54 , time step=        1411 ] 
mam4xx:
  function: update_from_cldn_profile
input:
  fixed:
    dt:    0.00
    dtinv: [0.1666666667E-002]
    wtke_col_in: [0.4069090994E+000]
    zs: [0.4372106459E-002]
    dz: [0.2475363705E+003]
    temp_col_in: [0.2515746600E+003]
    csbot_cscen: [0.1013157240E+001]
    raercol_cw_nsav: [0.5467815752E+008,0.4067349819E-009,0.1597805644E-010,0.8070079038E-010,0.4181117668E-011,0.3530679140E-012,0.2557489289E-010,0.2416879283E-011,0.3163702876E+008,0.4946912864E-010,0.2220314587E-011,0.5438894652E-014,0.5759816008E-015,0.3557175328E+005,0.8753115414E-012,0.2716965384E-009,0.1030799198E-010,0.1250891631E-012,0.5266464341E-012,0.3239761088E-011,0.8391870738E-013,0.0000000000E+000,0.0000000000E+000,0.0000000000E+000,0.0000000000E+000]
    nsource_col: [-.1461821691E+005]
    qcld: [0.6170150259E+008]
    factnum_col: [0.0000000000E+000,0.0000000000E+000,0.0000000000E+000,0.0000000000E+000]
    ekd: [0.2393334729E+002]
    nact: [0.0000000000E+000,0.0000000000E+000,0.0000000000E+000,0.0000000000E+000]
    mact: [0.0000000000E+000,0.0000000000E+000,0.0000000000E+000,0.0000000000E+000]
    cs_col_in_kk: [0.1022183277E+001]
    cs_col_in_kp1: [0.1046720427E+001]
    cldn_col_in_kk: [0.8630285664E+000]
    cldn_col_in_kp1: [0.9108239355E+000]
    raercol_nsav_kk: [0.9725812917E+008,0.4120987679E-009,0.1920947344E-010,0.1100257483E-009,0.5122082947E-011,0.5075331066E-012,0.3559331204E-010,0.3396937917E-011,0.1817412558E+010,0.9444244216E-010,0.1194924106E-010,0.3213734619E-013,0.3363873158E-014,0.4902177289E+005,0.1129336567E-011,0.3637854715E-009,0.1099030876E-010,0.1381684140E-012,0.5955276454E-012,0.3819645986E-011,0.9795582523E-013,0.6117010670E+008,0.7982575536E-010,0.2124037919E-010,0.1509650084E-015]
    raercol_nsav_kp1: [0.1025916081E+009,0.4214910441E-009,0.1883712167E-010,0.9392039959E-010,0.4878147314E-011,0.3989908621E-012,0.2994531133E-010,0.2797945873E-011,0.2102390708E+010,0.1005784448E-009,0.1131328967E-010,0.2611895931E-013,0.2998911746E-014,0.3978288121E+005,0.9799608007E-012,0.3157027870E-009,0.1275442331E-010,0.1587680461E-012,0.6877994940E-012,0.3919651048E-011,0.1020118410E-012,0.6774294643E+008,0.8994305267E-010,0.2357987498E-010,0.1314050927E-015]
    state_q_col_in_kp1: [0.1043380745E-002,0.5352383479E-004,0.2758173036E-008,0.8385555541E+008,0.1594316651E+000,0.3129711354E-007,0.4350308547E-005,0.1666209867E+003,0.1836133505E+003,0.1060304383E-006,0.7533139340E-010,0.2185505081E-012,0.1617901112E-009,0.7102593735E-013,0.5197427762E-011,0.3776614782E-009,0.1717151521E-010,0.8645110526E-010,0.4452758317E-011,0.3689398586E-012,0.2768994061E-010,0.2584104568E-011,0.9697657557E+008,0.9531741823E-010,0.1110526672E-010,0.2567425212E-013,0.2952241351E-014,0.2099183872E+010,0.9008832706E-012,0.2911618794E-009,0.1154157928E-010,0.1443265324E-012,0.6274542267E-012,0.3575031942E-011,0.9300764956E-013,0.3667168808E+005,0.8994305267E-010,0.2357987498E-010,0.1314050927E-015,0.6774294643E+008]
    top_lev: [         7]
    pver: [        72]
    ntot_amode: [         4]
    nspec_amode: [         7,         4,         7,         3]
