# Data at [lat=   39.0553303768561      , lon=   262.904774388088      , k=          54 , time step=        1416 ] 
mam4xx:
  function: update_from_newcld
input:
  fixed:
    dt:    0.00
    cldn_col_in: [0.3581542727E+000]
    cldo_col_in: [0.3520860180E+000]
    dtinv: [0.1666666667E-002]
    wtke_col_in: [0.1655266850E+000]
    temp_col_in: [0.2512553205E+003]
    cs_col_in: [0.1024212733E+001]
    state_q_col_in: [0.8812152320E-003,0.7717738611E-005,0.6005389428E-007,0.3671110335E+008,0.5743203390E+002,0.7529244169E-009,0.5300392107E-006,0.2981570062E+002,0.2843317770E+002,0.1139446129E-006,0.9366076904E-010,0.3225060361E-012,0.5136067833E-010,0.7000525597E-013,0.6418350081E-011,0.5555165781E-009,0.2684425705E-010,0.1468690805E-009,0.7175931150E-011,0.6722183644E-012,0.4628569253E-010,0.4346457850E-011,0.1229895810E+009,0.1139248480E-009,0.1238000177E-010,0.3878617943E-013,0.4183691070E-014,0.2029072835E+010,0.1384579785E-011,0.4706687639E-009,0.1569187617E-010,0.1922880423E-012,0.8012150627E-012,0.5249976245E-011,0.1326207064E-012,0.6370098593E+005,0.7709878457E-010,0.2061302144E-010,0.1549571987E-015,0.5831100531E+008]
    qcld: [0.3671110335E+008]
    nsource_col_out: [0.0000000000E+000]
    raercol_nsav: [0.1229895810E+009,0.5555165781E-009,0.2684425705E-010,0.1468690805E-009,0.7175931150E-011,0.6722183644E-012,0.4628569253E-010,0.4346457850E-011,0.2029072835E+010,0.1139248480E-009,0.1238000177E-010,0.3878617943E-013,0.4183691070E-014,0.6370098593E+005,0.1384579785E-011,0.4706687639E-009,0.1569187617E-010,0.1922880423E-012,0.8012150627E-012,0.5249976245E-011,0.1326207064E-012,0.5831100531E+008,0.7709878457E-010,0.2061302144E-010,0.1549571987E-015]
    raercol_cw_nsav: [0.3135105795E+008,0.2304312093E-009,0.1091432441E-010,0.5718262981E-010,0.2885967098E-011,0.2570072329E-012,0.1778498186E-010,0.1671784488E-011,0.6653088667E+007,0.7464991994E-011,0.7162314248E-012,0.2103523468E-014,0.2267123865E-015,0.2500175292E+005,0.5579962463E-012,0.1862958623E-009,0.6751646753E-011,0.8257333104E-013,0.3436382396E-012,0.2189867282E-011,0.5559576244E-013,0.0000000000E+000,0.0000000000E+000,0.0000000000E+000,0.0000000000E+000]
    factnum_col_out: [0.0000000000E+000,0.0000000000E+000,0.0000000000E+000,0.0000000000E+000]
    mam_idx: [         1,         9,        14,        22,         2,        10,        15,        23,         3,        11,        16,        24,         4,        12,        17,        25,         5,        13,        18,         0,         6,         0,        19,         0,         7,         0,        20,         0,         8,         0,        21,         0]
    nspec_amode: [         7,         4,         7,         3]
    numptr_amode: [        23,        28,        36,        40]
    lmassptr_amode: [        16,        17,        18,        19,        20,        21,        22,         0,         0,         0,         0,         0,         0,         0,        24,        25,        26,        27,         0,         0,         0,         0,         0,         0,         0,         0,         0,         0,        29,        30,        31,        32,        33,        34,        35,         0,         0,         0,         0,         0,         0,         0,        37,        38,        39,         0,         0,         0,         0,         0,         0,         0,         0,         0,         0,         0]
