# Data at [lat=   39.0553303768561      , lon=   352.440165015397      , k=          37 , time step=        1406 ] 
mam4xx:
  function: nucleate_ice_cam_calc
input:
  fixed:
    dt:    0.00
    modeptr_accum: [         1]
    modeptr_aitken: [         2]
    modeptr_coarse: [         3]
    numptr_amode: [        23,        28,        36,        40]
    alnsg_amode: [ 0.5877866649E+00, 0.4700036292E+00, 0.5877866649E+00, 0.4700036441E+00]
    lptr_dust_a_amode: [        20,-999888777,        29,-999888777]
    lptr_nacl_a_amode: [        21,        26,        30,-999888777]
    lptr_so4_a_amode: [        16,        24,        31,-999888777]
    lptr_bc_a_amode: [        19,-999888777,        32,        38]
    lptr_pom_a_amode: [        17,-999888777,        33,        37]
    lptr_soa_a_amode: [        18,        25,        34,-999888777]
    lptr_mom_a_amode: [        22,        27,        35,        39]
    so4_sz_thresh_icenuc: [ 0.8000000000E-07]
    mincld: [ 0.1000000000E-03]
    nucleate_ice_subgrid: [ 0.1200000000E+01]
    ncol: [         4]
    lchnk: [       137]
    temperature: [ 0.2162291542E+03]
    state_q: [ 0.5640225907E-04, 0.0000000000E+00, 0.3316474520E-07, 0.1000000000E-11, 0.6653378641E+03, 0.8824855477E-37, 0.2794080647E-07, 0.1000000000E-11, 0.4839537060E+02, 0.2437309700E-06, 0.3141816848E-10, 0.7455563181E-13, 0.5846735159E-11, 0.4532826351E-13, 0.1195270102E-12, 0.4582641910E-09, 0.2165943510E-09, 0.1004313892E-08, 0.3112204703E-10, 0.1130403847E-10, 0.4968333405E-10, 0.7297406409E-11, 0.1699875324E+09, 0.3373643823E-11, 0.1376530034E-10, 0.9793079067E-14, 0.1355706670E-14, 0.7885848960E+08, 0.3299128659E-10, 0.2465366391E-09, 0.7070463899E-11, 0.4470653077E-12, 0.3034930944E-11, 0.9690032381E-11, 0.2027867934E-12, 0.5093410939E+05, 0.2100893833E-10, 0.3213787599E-11, 0.4422679947E-16, 0.1612356649E+08]
    pmid: [ 0.2345738215E+05]
    rho: [ 0.3779369685E+00]
    wsubi: [ 0.2000000000E+00]
    ast: [ 0.3316474520E+00]
    dgnum: [ 0.1537122098E-06, 0.5183740215E-07, 0.1083050841E-05, 0.1000000012E-06]
