# Data at [lat=   71.9201421331276      , lon=   71.5690366721838      , k=          62 , time step=        1403 ] 
mam4xx:
  function: nucleate_ice_cam_calc
input:
  fixed:
    dt:    0.00
    modeptr_accum: [         1]
    modeptr_aitken: [         2]
    modeptr_coarse: [         3]
    numptr_amode: [        23,        28,        36,        40]
    alnsg_amode: [ 0.5877866649E+00, 0.4700036292E+00, 0.5877866649E+00, 0.4700036441E+00]
    lptr_dust_a_amode: [        20,-999888777,        29,-999888777]
    lptr_nacl_a_amode: [        21,        26,        30,-999888777]
    lptr_so4_a_amode: [        16,        24,        31,-999888777]
    lptr_bc_a_amode: [        19,-999888777,        32,        38]
    lptr_pom_a_amode: [        17,-999888777,        33,        37]
    lptr_soa_a_amode: [        18,        25,        34,-999888777]
    lptr_mom_a_amode: [        22,        27,        35,        39]
    so4_sz_thresh_icenuc: [ 0.8000000000E-07]
    mincld: [ 0.1000000000E-03]
    ncol: [         4]
    lchnk: [       136]
    temperature: [ 0.2369643763E+03]
    state_q: [ 0.1574518740E-03, 0.0000000000E+00, 0.2565947387E-06, 0.6667282612E+07, 0.1698008622E+04, 0.1260423295E-09, 0.5532751428E-06, 0.3549101072E-04, 0.1508081514E+03, 0.7045423049E-07, 0.2672473410E-11, 0.7979591941E-11, 0.8670358027E-09, 0.3071821211E-13, 0.2816240408E-09, 0.7503232305E-09, 0.1512049091E-10, 0.2793011578E-09, 0.1797026176E-10, 0.1580261346E-11, 0.3750734597E-11, 0.3117463531E-12, 0.2636554766E+09, 0.2955123203E-10, 0.3708819015E-10, 0.9928075154E-15, 0.3318015033E-16, 0.5614553989E+09, 0.1765536078E-10, 0.2069226050E-09, 0.1340000928E-11, 0.2979398565E-13, 0.1073741743E-12, 0.2851027568E-11, 0.1512587896E-13, 0.8335727486E+04, 0.1009279414E-10, 0.3760472749E-10, 0.3409702664E-17, 0.2041147821E+08]
    pmid: [ 0.9134903010E+05]
    rho: [ 0.1342996745E+01]
    wsubi: [ 0.2000000000E+00]
    ast: [ 0.9990000000E+00]
    dgnum: [ 0.1042598230E-06, 0.4110350268E-07, 0.1768073929E-05, 0.1000000012E-06]
