# Data at [lat=  -5.57727434969463      , lon=   184.674947489650      , k=           7 , time step=         379 ] 
mam4xx:
  function: mam_soaexch_1subarea
input:
  fixed:
    nstep: [       379]
    lchnk: [       149]
    i: [         2]
    k: [         7]
    jsub: [         1]
    latndx: [        40]
    lonndx: [         1]
    lund: [         6]
    dtsubstep: [  0.36000000000000000E+004]
    temp: [  0.25995373754907484E+003]
    pmid: [  0.12829949082549251E+003]
    aircon: [  0.59360072406377424E-004]
    n_mode: [         4]
    qgas_cur: [  0.13821739823426926E-012,  0.68648770859112947E-019]
    qgas_avg: [  0.00000000000000000E+000,  0.00000000000000000E+000]
    qaer_cur: [  0.18835739781440573E-015,  0.10699261810948397E-013,  0.24151407684770937E-014,  0.59404583322596666E-014,  0.37213194077909832E-014,  0.30718174305573901E-014,  0.42629305177426783E-026,  0.26193654921969439E-015,  0.95092954862680244E-012,  0.00000000000000000E+000,  0.00000000000000000E+000,  0.28905273200087140E-013,  0.00000000000000000E+000,  0.10460641838443952E-025,  0.19293361051760206E-036,  0.64915118209790197E-019,  0.19293354301817811E-036,  0.24116700315277469E-035,  0.49564257801905307E-036,  0.21446538904102464E-036,  0.11582334282467170E-039,  0.00000000000000000E+000,  0.00000000000000000E+000,  0.62183783368425671E-019,  0.86052456241078875E-019,  0.00000000000000000E+000,  0.00000000000000000E+000,  0.54095777109620501E-029,  0.00000000000000000E+000,  0.00000000000000000E+000,  0.00000000000000000E+000,  0.00000000000000000E+000,  0.00000000000000000E+000,  0.00000000000000000E+000,  0.00000000000000000E+000]
    qnum_cur: [  0.48466036652806262E+007,  0.93682582559041488E+009,  0.28753230515972595E-003,  0.38881705045598288E+002,  0.00000000000000000E+000]
    qwtr_cur: [  0.00000000000000000E+000,  0.00000000000000000E+000,  0.00000000000000000E+000,  0.00000000000000000E+000,  0.00000000000000000E+000]
    uptkaer: [  0.16094936922291751E-009,  0.19870292438169485E-009,  0.11035583952228740E-007,  0.13624177678698975E-007,  0.10821708934836641E-016,  0.13360134448127899E-016,  0.11186293616189300E-014,  0.13810238991682870E-014,  0.00000000000000000E+000,  0.00000000000000000E+000]
    lptr2_soa_a_amode: [        18,        25,        34,-999888777]
    max_gas: [         2]
    max_aer: [         7]
    max_mode: [         5]
    npca: [         4]
    npoa: [         1]
    nsoa: [         1]
    nufi: [-999888777]
    ntot_amode: [         4]
    iaer_pom: [         3]
    mode_aging_optaa: [         0,         0,         0,         1,         0]
    a_min1: [  0.99999996826552254E-020]
    g_min1: [  0.99999996826552254E-020]
    alpha_astem: [  0.50000000000000003E-001]
    dtsub_fixed: [ -0.10000000000000000E+001]
    rgas: [  0.83143999999999991E+001]
