# Data at [lat=   39.0553303768561      , lon=   262.904774388088      , k=          54 , time step=        1410 ] 
mam4xx:
  function: usrrxt
input:
  fixed:
    dt:    0.00
    ncol: [         4]
    temp: [  0.25186794733003740E+003]
    invariants: [  0.21233395162935738E+020,  0.16774382178719234E+020,  0.44590129842165048E+019,  0.32301913861969048E+017,  0.88980500937834207E+006,  0.60078925665359616E+008,  0.83636775527461961E+008,  0.11677774965517493E+013]
    mtot: [  0.21233395162935738E+020]
    rxt: [ -0.98765432000000000E+008, -0.98765432000000000E+008,  0.15364233534047569E-011, -0.98765432000000000E+008,  0.37912842962957774E-011, -0.98765432000000000E+008,  0.14975684083606474E-011]
    nfs: [         8]
    rxntot: [         7]
    inv_h2o_ndx: [         4]
    t0: [  0.30000000000000000E+003]
    usr_HO2_HO2_ndx: [         2]
    usr_DMS_OH_ndx: [         6]
    usr_SO2_OH_ndx: [         4]
