# Data at [lat=   39.0553303768561      , lon=   262.904774388088      , k=          54 , time step=        1413 ] 
mam4xx:
  function: usrrxt
input:
  fixed:
    dt:    0.00
    ncol: [         4]
    temp: [  0.25165448398307859E+003]
    invariants: [  0.21236562765827723E+020,  0.16776884585003903E+020,  0.44596781808238218E+019,  0.31918396165716112E+017,  0.89209430873174593E+006,  0.59904116272822000E+008,  0.83798616041442513E+008,  0.11685290691101470E+013]
    mtot: [  0.21236562765827723E+020]
    rxt: [ -0.98765432000000000E+008, -0.98765432000000000E+008,  0.15355956788245935E-011, -0.98765432000000000E+008,  0.37882976978591421E-011, -0.98765432000000000E+008,  0.15001933284562591E-011]
    nfs: [         8]
    rxntot: [         7]
    inv_h2o_ndx: [         4]
    t0: [  0.30000000000000000E+003]
    usr_HO2_HO2_ndx: [         2]
    usr_DMS_OH_ndx: [         6]
    usr_SO2_OH_ndx: [         4]
