# Data at [lat=   39.0553303768561      , lon=   262.904774388088      , k=          54 , time step=        1414 ] 
mam4xx:
  function: usrrxt
input:
  fixed:
    dt:    0.00
    ncol: [         4]
    temp: [  0.25153838282546428E+003]
    invariants: [  0.21247541292958527E+020,  0.16785557621437237E+020,  0.44619836715212908E+019,  0.31632627659996616E+017,  0.89326184413328453E+006,  0.59949375971999742E+008,  0.83888692521733344E+008,  0.11692176343223093E+013]
    mtot: [  0.21247541292958527E+020]
    rxt: [ -0.98765432000000000E+008, -0.98765432000000000E+008,  0.15351451103992876E-011, -0.98765432000000000E+008,  0.37866721701492559E-011, -0.98765432000000000E+008,  0.15016248085227714E-011]
    nfs: [         8]
    rxntot: [         7]
    inv_h2o_ndx: [         4]
    t0: [  0.30000000000000000E+003]
    usr_HO2_HO2_ndx: [         2]
    usr_DMS_OH_ndx: [         6]
    usr_SO2_OH_ndx: [         4]
