# Data at [lat=   39.0553303768561      , lon=   262.904774388088      , k=          54 , time step=        1402 ] 
mam4xx:
  function: usrrxt
input:
  fixed:
    dt:    0.00
    ncol: [         4]
    temp: [  0.25385187022866876E+003]
    invariants: [  0.21007661278487249E+020,  0.16596052410004926E+020,  0.44116088684823219E+019,  0.36743423961447304E+017,  0.87487475914221921E+006,  0.58706988131269045E+008,  0.82403242427695170E+008,  0.11555843265646975E+013]
    mtot: [  0.21007661278487249E+020]
    rxt: [ -0.98765432000000000E+008, -0.98765432000000000E+008,  0.15440701742534497E-011, -0.98765432000000000E+008,  0.38189124177561719E-011, -0.98765432000000000E+008,  0.14735987123445617E-011]
    nfs: [         8]
    rxntot: [         7]
    inv_h2o_ndx: [         4]
    t0: [  0.30000000000000000E+003]
    usr_HO2_HO2_ndx: [         2]
    usr_DMS_OH_ndx: [         6]
    usr_SO2_OH_ndx: [         4]
