# Data at [lat=   39.0553303768561      , lon=   262.904774388088      , k=          54 , time step=        1411 ] 
mam4xx:
  function: usrrxt
input:
  fixed:
    dt:    0.00
    ncol: [         4]
    temp: [  0.25191209535514304E+003]
    invariants: [  0.21223107158948061E+020,  0.16766254655568970E+020,  0.44568525033790925E+019,  0.32239562929016132E+017,  0.89009591728892364E+006,  0.59968576456229292E+008,  0.83646825569653511E+008,  0.11674327090402058E+013]
    mtot: [  0.21223107158948061E+020]
    rxt: [ -0.98765432000000000E+008, -0.98765432000000000E+008,  0.15365944118085884E-011, -0.98765432000000000E+008,  0.37919016398576846E-011, -0.98765432000000000E+008,  0.14970266560086565E-011]
    nfs: [         8]
    rxntot: [         7]
    inv_h2o_ndx: [         4]
    t0: [  0.30000000000000000E+003]
    usr_HO2_HO2_ndx: [         2]
    usr_DMS_OH_ndx: [         6]
    usr_SO2_OH_ndx: [         4]
