# Data at [lat=   39.0553303768561      , lon=   262.904774388088      , k=          54 , time step=        1407 ] 
mam4xx:
  function: usrrxt
input:
  fixed:
    dt:    0.00
    ncol: [         4]
    temp: [  0.25215295026150088E+003]
    invariants: [  0.21203649650928914E+020,  0.16750883224233843E+020,  0.44527664266950717E+019,  0.30789680680541768E+017,  0.88644824955248681E+006,  0.59924495660455056E+008,  0.83380737163439721E+008,  0.11659278960492405E+013]
    mtot: [  0.21203649650928914E+020]
    rxt: [ -0.98765432000000000E+008, -0.98765432000000000E+008,  0.15375269216026509E-011, -0.98765432000000000E+008,  0.37952675927051678E-011, -0.98765432000000000E+008,  0.14940778431155842E-011]
    nfs: [         8]
    rxntot: [         7]
    inv_h2o_ndx: [         4]
    t0: [  0.30000000000000000E+003]
    usr_HO2_HO2_ndx: [         2]
    usr_DMS_OH_ndx: [         6]
    usr_SO2_OH_ndx: [         4]
