# Data at [lat=   39.0553303768561      , lon=   262.904774388088      , k=          54 , time step=        1404 ] 
mam4xx:
  function: usrrxt
input:
  fixed:
    dt:    0.00
    ncol: [         4]
    temp: [  0.25308585544715413E+003]
    invariants: [  0.21088131919382995E+020,  0.16659624216312566E+020,  0.44285077030704287E+019,  0.33919259187435364E+017,  0.87959245907939167E+006,  0.59138987057081781E+008,  0.82804301453033328E+008,  0.11599215078558157E+013]
    mtot: [  0.21088131919382995E+020]
    rxt: [ -0.98765432000000000E+008, -0.98765432000000000E+008,  0.15411273675214500E-011, -0.98765432000000000E+008,  0.38082724879197636E-011, -0.98765432000000000E+008,  0.14827634174715671E-011]
    nfs: [         8]
    rxntot: [         7]
    inv_h2o_ndx: [         4]
    t0: [  0.30000000000000000E+003]
    usr_HO2_HO2_ndx: [         2]
    usr_DMS_OH_ndx: [         6]
    usr_SO2_OH_ndx: [         4]
