# Data at [lat=   39.0553303768561      , lon=   262.904774388088      , k=          54 , time step=        1406 ] 
mam4xx:
  function: usrrxt
input:
  fixed:
    dt:    0.00
    ncol: [         4]
    temp: [  0.25240041995122448E+003]
    invariants: [  0.21169884592990450E+020,  0.16724208828462457E+020,  0.44456757645279944E+019,  0.31510407127245828E+017,  0.88435904854983534E+006,  0.59669383829351515E+008,  0.83207305175211579E+008,  0.11641954445773586E+013]
    mtot: [  0.21169884592990450E+020]
    rxt: [ -0.98765432000000000E+008, -0.98765432000000000E+008,  0.15384837756565521E-011, -0.98765432000000000E+008,  0.37987223992923760E-011, -0.98765432000000000E+008,  0.14910599387870188E-011]
    nfs: [         8]
    rxntot: [         7]
    inv_h2o_ndx: [         4]
    t0: [  0.30000000000000000E+003]
    usr_HO2_HO2_ndx: [         2]
    usr_DMS_OH_ndx: [         6]
    usr_SO2_OH_ndx: [         4]
