# Data at [lat=   39.0553303768561      , lon=   262.904774388088      , k=          54 , time step=        1400 ] 
mam4xx:
  function: usrrxt
input:
  fixed:
    dt:    0.00
    ncol: [         4]
    temp: [  0.25467953091539104E+003]
    invariants: [  0.20940118452003353E+020,  0.16542693577082649E+020,  0.43974248749207040E+019,  0.40188888258798576E+017,  0.87066543281925132E+006,  0.58527839301260136E+008,  0.82044688443242162E+008,  0.11516490274022395E+013]
    mtot: [  0.20940118452003353E+020]
    rxt: [ -0.98765432000000000E+008, -0.98765432000000000E+008,  0.15472361661442993E-011, -0.98765432000000000E+008,  0.38303697666388348E-011, -0.98765432000000000E+008,  0.14638214844285966E-011]
    nfs: [         8]
    rxntot: [         7]
    inv_h2o_ndx: [         4]
    t0: [  0.30000000000000000E+003]
    usr_HO2_HO2_ndx: [         2]
    usr_DMS_OH_ndx: [         6]
    usr_SO2_OH_ndx: [         4]
