# Data at [lat=   39.0553303768561      , lon=   262.904774388088      , k=          54 , time step=        1405 ] 
mam4xx:
  function: usrrxt
input:
  fixed:
    dt:    0.00
    ncol: [         4]
    temp: [  0.25275054215293568E+003]
    invariants: [  0.21128600594005778E+020,  0.16691594469264566E+020,  0.44370061247412132E+019,  0.32584070419935356E+017,  0.88195653685982036E+006,  0.59406006314894356E+008,  0.83003980071548715E+008,  0.11620315212019170E+013]
    mtot: [  0.21128600594005778E+020]
    rxt: [ -0.98765432000000000E+008, -0.98765432000000000E+008,  0.15398353535569707E-011, -0.98765432000000000E+008,  0.38036040848335655E-011, -0.98765432000000000E+008,  0.14868106489433117E-011]
    nfs: [         8]
    rxntot: [         7]
    inv_h2o_ndx: [         4]
    t0: [  0.30000000000000000E+003]
    usr_HO2_HO2_ndx: [         2]
    usr_DMS_OH_ndx: [         6]
    usr_SO2_OH_ndx: [         4]
