# Data at [lat=   39.0553303768561      , lon=   262.904774388088      , k=          54 , time step=        1415 ] 
mam4xx:
  function: usrrxt
input:
  fixed:
    dt:    0.00
    ncol: [         4]
    temp: [  0.25153076563850570E+003]
    invariants: [  0.21255555140383134E+020,  0.16791888560902676E+020,  0.44636665794804577E+019,  0.31157906378414116E+017,  0.89429303992605954E+006,  0.60062783553320609E+008,  0.83964032821417570E+008,  0.11696339308249133E+013]
    mtot: [  0.21255555140383134E+020]
    rxt: [ -0.98765432000000000E+008, -0.98765432000000000E+008,  0.15351155395041355E-011, -0.98765432000000000E+008,  0.37865654941583216E-011, -0.98765432000000000E+008,  0.15017188192929573E-011]
    nfs: [         8]
    rxntot: [         7]
    inv_h2o_ndx: [         4]
    t0: [  0.30000000000000000E+003]
    usr_HO2_HO2_ndx: [         2]
    usr_DMS_OH_ndx: [         6]
    usr_SO2_OH_ndx: [         4]
