# Data at [lat=   39.0553303768561      , lon=   262.904774388088      , k=          54 , time step=        1408 ] 
mam4xx:
  function: usrrxt
input:
  fixed:
    dt:    0.00
    ncol: [         4]
    temp: [  0.25184386909617683E+003]
    invariants: [  0.21240500047327990E+020,  0.16779995037389113E+020,  0.44605050099388774E+019,  0.30970179217205308E+017,  0.88867404519067612E+006,  0.60162055638045967E+008,  0.83567547082597002E+008,  0.11678681278297969E+013]
    mtot: [  0.21240500047327990E+020]
    rxt: [ -0.98765432000000000E+008, -0.98765432000000000E+008,  0.15363300412890197E-011, -0.98765432000000000E+008,  0.37909475496612533E-011, -0.98765432000000000E+008,  0.14978640415709501E-011]
    nfs: [         8]
    rxntot: [         7]
    inv_h2o_ndx: [         4]
    t0: [  0.30000000000000000E+003]
    usr_HO2_HO2_ndx: [         2]
    usr_DMS_OH_ndx: [         6]
    usr_SO2_OH_ndx: [         4]
