# Data at [lat=   39.0553303768561      , lon=   262.904774388088      , k=          54 , time step=        1412 ] 
mam4xx:
  function: usrrxt
input:
  fixed:
    dt:    0.00
    ncol: [         4]
    temp: [  0.25181704964517314E+003]
    invariants: [  0.21223663825887019E+020,  0.16766694422450745E+020,  0.44569694034362737E+019,  0.32072542278845744E+017,  0.89084283962265309E+006,  0.59877965320798881E+008,  0.83700026350673363E+008,  0.11676999135807595E+013]
    mtot: [  0.21223663825887019E+020]
    rxt: [ -0.98765432000000000E+008, -0.98765432000000000E+008,  0.15362260916029592E-011, -0.98765432000000000E+008,  0.37905724250880284E-011, -0.98765432000000000E+008,  0.14981934668032749E-011]
    nfs: [         8]
    rxntot: [         7]
    inv_h2o_ndx: [         4]
    t0: [  0.30000000000000000E+003]
    usr_HO2_HO2_ndx: [         2]
    usr_DMS_OH_ndx: [         6]
    usr_SO2_OH_ndx: [         4]
