# Data at [lat=   39.0553303768561      , lon=   262.904774388088      , k=          54 , time step=        1403 ] 
mam4xx:
  function: usrrxt
input:
  fixed:
    dt:    0.00
    ncol: [         4]
    temp: [  0.25345437830920554E+003]
    invariants: [  0.21047263813723836E+020,  0.16627338412841832E+020,  0.44199254008820055E+019,  0.35235315239289960E+017,  0.87720978160489909E+006,  0.58899176201589495E+008,  0.82602094959085107E+008,  0.11577494641958994E+013]
    mtot: [  0.21047263813723836E+020]
    rxt: [ -0.98765432000000000E+008, -0.98765432000000000E+008,  0.15425446450432352E-011, -0.98765432000000000E+008,  0.38133955850649258E-011, -0.98765432000000000E+008,  0.14783403515138354E-011]
    nfs: [         8]
    rxntot: [         7]
    inv_h2o_ndx: [         4]
    t0: [  0.30000000000000000E+003]
    usr_HO2_HO2_ndx: [         2]
    usr_DMS_OH_ndx: [         6]
    usr_SO2_OH_ndx: [         4]
