# Data at [lat=   39.0553303768561      , lon=   262.904774388088      , k=          54 , time step=        1401 ] 
mam4xx:
  function: usrrxt
input:
  fixed:
    dt:    0.00
    ncol: [         4]
    temp: [  0.25429567378100737E+003]
    invariants: [  0.20972635356426965E+020,  0.16568381931577303E+020,  0.44042534248496625E+019,  0.38445479011570696E+017,  0.87271380922435306E+006,  0.58629554759878717E+008,  0.82218329680570617E+008,  0.11535250552045730E+013]
    mtot: [  0.20972635356426965E+020]
    rxt: [ -0.98765432000000000E+008, -0.98765432000000000E+008,  0.15457695809876203E-011, -0.98765432000000000E+008,  0.38250610196185859E-011, -0.98765432000000000E+008,  0.14683400178130946E-011]
    nfs: [         8]
    rxntot: [         7]
    inv_h2o_ndx: [         4]
    t0: [  0.30000000000000000E+003]
    usr_HO2_HO2_ndx: [         2]
    usr_DMS_OH_ndx: [         6]
    usr_SO2_OH_ndx: [         4]
