# Data at [lat=   39.0553303768561      , lon=   262.904774388088      , k=          54 , time step=        1409 ] 
mam4xx:
  function: usrrxt
input:
  fixed:
    dt:    0.00
    ncol: [         4]
    temp: [  0.25167660719924228E+003]
    invariants: [  0.21257233527312499E+020,  0.16793214486576876E+020,  0.44640190407356247E+019,  0.32269311911188244E+017,  0.89007805981691577E+006,  0.60241573688024879E+008,  0.83679446805016592E+008,  0.11688472880587102E+013]
    mtot: [  0.21257233527312499E+020]
    rxt: [ -0.98765432000000000E+008, -0.98765432000000000E+008,  0.15356815030196925E-011, -0.98765432000000000E+008,  0.37886073531076816E-011, -0.98765432000000000E+008,  0.14999208627353947E-011]
    nfs: [         8]
    rxntot: [         7]
    inv_h2o_ndx: [         4]
    t0: [  0.30000000000000000E+003]
    usr_HO2_HO2_ndx: [         2]
    usr_DMS_OH_ndx: [         6]
    usr_SO2_OH_ndx: [         4]
