# Data at [lat=  -13.2292708024991      , lon=   139.817062054960      , k=          51 , time step=         355 ] 
mam4xx:
  function: calc_resusp_to_coarse
input:
  fixed:
    dt:    0.00
    ncol: [         4]
    mm: [        16]
    mmtoo_prevap_resusp: [         0,         0,         0,         0,         0,         0,         0,         0,         0,         0,         0,         0,         0,         0,         0,        31,        33,        34,        32,        29,        30,        35,        -2,        31,        34,        30,        35,        -2,        29,        30,        31,        32,        33,        34,        35,        -2,        33,        32,        35,        -2]
    update_dqdt: [         0]
    rcscavt: [ 0.0000000000E+00]
    rsscavt: [ 0.1194136139E-16]
    dqdt_tmp: [ 0.1194136139E-16]
    rtscavt_sv: [ 0.0000000000E+00, 0.0000000000E+00, 0.0000000000E+00, 0.0000000000E+00, 0.0000000000E+00, 0.0000000000E+00, 0.0000000000E+00, 0.0000000000E+00, 0.0000000000E+00, 0.0000000000E+00, 0.0000000000E+00, 0.0000000000E+00, 0.0000000000E+00, 0.0000000000E+00, 0.0000000000E+00, 0.0000000000E+00, 0.0000000000E+00, 0.0000000000E+00, 0.0000000000E+00, 0.0000000000E+00, 0.0000000000E+00, 0.0000000000E+00, 0.0000000000E+00, 0.0000000000E+00, 0.0000000000E+00, 0.0000000000E+00, 0.0000000000E+00, 0.0000000000E+00, 0.0000000000E+00, 0.0000000000E+00, 0.0000000000E+00, 0.0000000000E+00, 0.0000000000E+00, 0.0000000000E+00, 0.0000000000E+00, 0.0000000000E+00, 0.0000000000E+00, 0.0000000000E+00, 0.0000000000E+00, 0.0000000000E+00]
