# Data at [lat=   16.7209053140754      , lon=   95.1586611207219      , k=          55 , time step=        1415 ] 
mam4xx:
  function: compute_tendencies
input:
  fixed:
    dt:    0.00
    lamda: [ 0.8503779477E-07]
    kfmat: [ 0.3263280274E-11]
    kfmac: [ 0.3249686558E-11]
    kfmatac: [ 0.3256462137E-11]
    knc: [ 0.1473097262E-15]
    dgatk: [ 0.7850593303E-07]
    dgacc: [ 0.2226786509E-06]
    sgatk: [ 0.1600000000E+01]
    sgacc: [ 0.1800000000E+01]
    xxlsgat: [ 0.4700036292E+00]
    xxlsgac: [ 0.5877866649E+00]
