# Data at [lat=   16.7209053140754      , lon=   95.1586611207219      , k=          55 , time step=        1415 ] 
mam4xx:
  function: compute_tendencies
input:
  fixed:
    dt:    0.00
    deltat: [ 0.3600000000E+04]
    temp: [ 0.2801953538E+03]
    pmid: [ 0.7684999273E+05]
    aircon: [ 0.3298742808E-01]
    dgn_a: [ 0.1619494326E-06, 0.5762291650E-07, 0.1161408398E-05, 0.1000000012E-06, 0.0000000000E+00]
    dgn_awet: [ 0.2226786509E-06, 0.7850593303E-07, 0.2122790603E-05, 0.1000000020E-06, 0.0000000000E+00]
    wetdens: [ 0.1098962399E+04, 0.1089825662E+04, 0.1122491315E+04, 0.1058106953E+04, 0.1000000000E+04]
    qnum_cur: [ 0.3023400661E+11, 0.2472840448E+10, 0.4222424342E+07, 0.7177531211E+10, 0.0000000000E+00]
    qaer_cur: [ 0.1110229304E-08, 0.1536068985E-08, 0.3180403261E-09, 0.8495415433E-09, 0.4247577936E-10, 0.2399157603E-11, 0.1277818403E-14, 0.3191488111E-11, 0.3047613013E-11, 0.0000000000E+00, 0.0000000000E+00, 0.6951408957E-15, 0.0000000000E+00, 0.1683133813E-19, 0.1870236547E-10, 0.3129917326E-10, 0.6418034995E-11, 0.1574280858E-10, 0.2901351703E-09, 0.3214438023E-10, 0.5680992682E-16, 0.3593422704E-12, 0.1452802407E-12, 0.6751011780E-10, 0.1298307805E-09, 0.0000000000E+00, 0.0000000000E+00, 0.2636151508E-20, 0.0000000000E+00, 0.0000000000E+00, 0.0000000000E+00, 0.0000000000E+00, 0.0000000000E+00, 0.0000000000E+00, 0.0000000000E+00]
