# Data at [lat=   45.1040729547578      , lon=   145.965088007967      , k=          68 , time step=         379 ] 
mam4xx:
  function: XYZ
input:
  fixed:
    dt:    0.00
    top_lev:[         1]
    ncol:[         4]
    imode:[         2]
    nspec:[         4]
    list_idx_in:[         0]
    interstitial:[ 0.7232103877E-11, 0.1561038000E-11, 0.4573389632E-13, 0.3817644726E-14]
    cldbrn:[ 0.1317162806E-10, 0.1596756135E-11, 0.5428568670E-13, 0.4556957537E-14]
    density:[ 0.1770000000E+04, 0.1000000000E+04, 0.1900000000E+04, 0.1601000000E+04]
