# Data at [lat=   45.1040729547578      , lon=   145.965088007967      , k=          69 , time step=         378 ] 
mam4xx:
  function: XYZ
input:
  fixed:
    dt:    0.00
    top_lev:[         1]
    ncol:[         4]
    imode:[         4]
    nspec:[         3]
    list_idx_in:[         0]
    interstitial:[ 0.6116055578E-10, 0.2779036034E-10, 0.1374008983E-15]
    cldbrn:[ 0.4912623443E-26, 0.2234690202E-26, 0.1090662624E-31]
    density:[ 0.1000000000E+04, 0.1700000000E+04, 0.1601000000E+04]
