# Data at [lat=   45.1040729547578      , lon=   145.965088007967      , k=          69 , time step=         378 ] 
mam4xx:
  function: XYZ
input:
  fixed:
    dt:    0.00
    top_lev:[         1]
    ncol:[         4]
    imode:[         1]
    nspec:[         7]
    list_idx_in:[         0]
    interstitial:[ 0.3832712709E-09, 0.2736288426E-10, 0.9816678674E-10, 0.9716459184E-11, 0.7212949029E-12, 0.3824929841E-10, 0.3716508614E-11]
    cldbrn:[ 0.1127510876E-08, 0.6659878469E-10, 0.2344826711E-09, 0.2356493965E-10, 0.1714068870E-11, 0.9663572570E-10, 0.9331569789E-11]
    density:[ 0.1770000000E+04, 0.1000000000E+04, 0.1000000000E+04, 0.1700000000E+04, 0.2600000000E+04, 0.1900000000E+04, 0.1601000000E+04]
