# Data at [lat=   45.1040729547578      , lon=   145.965088007967      , k=          69 , time step=         378 ] 
mam4xx:
  function: XYZ
input:
  fixed:
    dt:    0.00
    top_lev:[         1]
    ncol:[         4]
    imode:[         2]
    nspec:[         4]
    list_idx_in:[         0]
    interstitial:[ 0.7037151491E-11, 0.1373450169E-11, 0.4953585506E-13, 0.4144194570E-14]
    cldbrn:[ 0.1309572485E-10, 0.1683601254E-11, 0.6645860248E-13, 0.5572523897E-14]
    density:[ 0.1770000000E+04, 0.1000000000E+04, 0.1900000000E+04, 0.1601000000E+04]
